22 0.03808593750000003 0.171875 0.01757812500000002 0.171875 0.01757812500000002 0.1875 0.03808593750000003 0.1875
39 0.06250000000000003 0.171875 0.04101562500000003 0.171875 0.04101562500000003 0.1884765625 0.06250000000000003 0.1884765625
40 0.08789062500000003 0.1708984375 0.06738281250000003 0.1708984375 0.06738281250000003 0.1875 0.08789062500000003 0.1875
31 0.11425781250000003 0.171875 0.09277343750000003 0.171875 0.09277343750000003 0.1875 0.11425781250000003 0.1875
27 0.1513671875 0.1708984375 0.130859375 0.1708984375 0.130859375 0.1865234375 0.1513671875 0.1865234375
40 0.1767578125 0.169921875 0.1552734375 0.169921875 0.1552734375 0.1865234375 0.1767578125 0.1865234375
42 0.2041015625 0.1708984375 0.181640625 0.1708984375 0.181640625 0.1875 0.2041015625 0.1875
37 0.2275390625 0.17089843750000003 0.2080078125 0.1708984375 0.2080078125 0.18652343750000003 0.2275390625 0.18652343750000006
32 0.255859375 0.16992187500000006 0.2314453125 0.16992187500000006 0.2314453125 0.18554687500000006 0.255859375 0.18554687500000006
40 0.29296875 0.16894531250000006 0.271484375 0.16894531250000006 0.271484375 0.18554687500000006 0.29296875 0.18554687500000006
20 0.3193359375 0.16894531250000006 0.296875 0.16894531250000006 0.296875 0.18554687500000006 0.3193359375 0.18554687500000006
51 0.3447265625 0.16796875000000006 0.322265625 0.16796875000000006 0.322265625 0.18554687500000006 0.3447265625 0.18554687500000006
22 0.3701171875 0.16992187500000006 0.3486328125 0.16992187500000006 0.3486328125 0.18554687500000006 0.3701171875 0.18554687500000006
26 0.396484375 0.16894531250000006 0.375 0.16894531250000006 0.375 0.18457031250000006 0.396484375 0.18457031250000006
39 0.421875 0.16894531250000006 0.4013671875 0.16894531250000006 0.4013671875 0.18457031250000006 0.421875 0.18457031250000006
30 0.4482421875 0.16894531250000006 0.427734375 0.16894531250000006 0.427734375 0.18457031250000006 0.4482421875 0.18457031250000006
52 0.474609375 0.16796875000000006 0.453125 0.16796875000000006 0.453125 0.18457031250000006 0.474609375 0.18457031250000006