49 0.3300781250000001 0.7177734375 0.3173828125000001 0.7177734375 0.3173828125000001 0.7412109375 0.3300781250000001 0.7412109375
32 0.3466796875000001 0.7177734375 0.3339843750000001 0.7177734375 0.3339843750000001 0.740234375 0.3466796875000001 0.740234375
54 0.3642578125000001 0.716796875 0.3515625000000001 0.716796875 0.3515625000000001 0.7392578125 0.3642578125000001 0.7392578125
40 0.3808593750000001 0.7158203125 0.3681640625000001 0.7158203125 0.3681640625000001 0.73828125 0.3808593750000001 0.73828125
49 0.3974609375000001 0.7138671875 0.3847656250000001 0.7138671875 0.3847656250000001 0.7373046875 0.3974609375000001 0.7373046875
41 0.4306640625000001 0.712890625 0.4179687500000001 0.712890625 0.4179687500000001 0.7353515625 0.4306640625000001 0.7353515625
26 0.4472656250000001 0.7109375 0.4345703125000001 0.7109375 0.4345703125000001 0.734375 0.4472656250000001 0.734375
42 0.4638671875000001 0.7099609375 0.4511718750000001 0.7099609375 0.4511718750000001 0.732421875 0.4638671875000001 0.732421875
43 0.4804687500000001 0.7080078125 0.4677734375000001 0.7080078125 0.4677734375000001 0.7314453125 0.4804687500000001 0.7314453125
40 0.4960937500000001 0.70703125 0.4843750000000001 0.70703125 0.4843750000000001 0.7294921875 0.4960937500000001 0.7294921875
39 0.5126953125 0.705078125 0.5009765625 0.705078125 0.5009765625 0.728515625 0.5126953125 0.728515625
19 0.5283203125 0.705078125 0.5166015625 0.705078125 0.5166015625 0.7275390625 0.5283203125 0.7275390625
36 0.544921875 0.703125 0.5322265625 0.703125 0.5322265625 0.7255859375 0.544921875 0.7255859375
19 0.560546875 0.7021484375 0.548828125 0.7021484375 0.548828125 0.724609375 0.560546875 0.724609375
47 0.5771484375 0.7001953125 0.5654296875 0.7001953125 0.5654296875 0.72265625 0.5771484375 0.72265625
41 0.3310546875000001 0.75 0.3183593750000001 0.75 0.3183593750000001 0.7734375 0.3310546875000001 0.7734375
40 0.3486328125000001 0.75 0.3359375000000001 0.75 0.3359375000000001 0.7724609375 0.3486328125000001 0.7724609375
23 0.3642578125000001 0.748046875 0.3525390625000001 0.748046875 0.3525390625000001 0.7724609375 0.3642578125000001 0.7724609375
54 0.3984375000000001 0.74609375 0.3857421875000001 0.74609375 0.3857421875000001 0.7685546875 0.3984375000000001 0.7685546875
39 0.4150390625000001 0.7451171875 0.4023437500000001 0.7451171875 0.4023437500000001 0.767578125 0.4150390625000001 0.767578125
19 0.4306640625000001 0.744140625 0.4189453125000001 0.744140625 0.4189453125000001 0.767578125 0.4306640625000001 0.767578125
33 0.4472656250000001 0.7431640625 0.4355468750000001 0.7431640625 0.4355468750000001 0.765625 0.4472656250000001 0.765625
40 0.4638671875000001 0.7412109375 0.4521484375000001 0.7412109375 0.4521484375000001 0.763671875 0.4638671875000001 0.763671875
37 0.4804687500000001 0.740234375 0.4687500000000001 0.740234375 0.4687500000000001 0.7626953125 0.4804687500000001 0.7626953125