40 0.22265625000000006 0.41796875 0.20703125000000006 0.41796875 0.20703125000000006 0.455078125 0.22265625000000006 0.455078125
40 0.24316406250000006 0.41796875 0.22753906250000006 0.41796875 0.22753906250000006 0.455078125 0.24316406250000006 0.455078125
40 0.26269531250000006 0.4169921875 0.24609375000000006 0.4169921875 0.24609375000000006 0.45703125 0.2626953125000001 0.45703125
34 0.29394531250000006 0.416015625 0.2783203125 0.416015625 0.27832031250000006 0.4560546875 0.2939453125000001 0.4560546875
28 0.31640625 0.416015625 0.2998046875 0.416015625 0.2998046875 0.453125 0.31640625 0.453125
30 0.337890625 0.4169921875 0.3212890625 0.4169921875 0.3212890625 0.453125 0.337890625 0.453125
23 0.36035156250000006 0.4169921875 0.34375 0.4169921875 0.34375000000000006 0.4541015625 0.3603515625000001 0.4541015625
24 0.39355468750000006 0.419921875 0.3759765625 0.419921875 0.37597656250000006 0.4560546875 0.3935546875000001 0.4560546875
23 0.427734375 0.416015625 0.4111328125 0.416015625 0.4111328125 0.453125 0.427734375 0.453125
26 0.4521484375 0.4150390625 0.4345703125 0.4150390625 0.4345703125 0.453125 0.4521484375 0.453125
44 0.47558593750000006 0.4150390625000001 0.458984375 0.4150390625000001 0.45898437500000006 0.4560546875000001 0.4755859375000001 0.4560546875000001
53 0.5 0.4150390625000001 0.4833984375 0.4150390625000001 0.48339843750000006 0.4560546875000001 0.5 0.4560546875000001
49 0.5263671875 0.4140625000000001 0.5068359375 0.4140625000000001 0.5068359375 0.4541015625000001 0.5263671875 0.4541015625000001
19 0.5517578125 0.4150390625000001 0.533203125 0.4150390625000001 0.533203125 0.4550781250000001 0.5517578125 0.4550781250000001
52 0.5791015625 0.4140625000000001 0.5595703125 0.4140625000000001 0.5595703125 0.4550781250000001 0.5791015625 0.4550781250000001
19 0.619140625 0.4121093750000001 0.599609375 0.4121093750000001 0.599609375 0.4560546875000001 0.619140625 0.4560546875000001
41 0.6484375 0.4101562500000001 0.626953125 0.4101562500000001 0.626953125 0.4550781250000001 0.6484375 0.4550781250000001
46 0.677734375 0.4101562500000001 0.65625 0.4101562500000001 0.65625 0.4550781250000001 0.677734375 0.4550781250000001
26 0.70703125 0.4111328125000001 0.685546875 0.4111328125000001 0.685546875 0.4541015625000001 0.70703125 0.4541015625000001
33 0.73828125 0.4101562500000001 0.7158203125 0.4101562500000001 0.7158203125 0.4531250000000001 0.73828125 0.4531250000000001
19 0.7705078125 0.4091796875000001 0.7470703125 0.4091796875000001 0.7470703125 0.4531250000000001 0.7705078125 0.4531250000000001
35 0.8037109375 0.4072265625000001 0.7783203125 0.4072265625000001 0.7783203125 0.4560546875000001 0.8037109375 0.4560546875000001
19 0.3037109375000001 0.4716796875 0.2861328125000001 0.4716796875 0.2861328125000001 0.5068359375 0.3037109375000001 0.5068359375
41 0.3232421875000001 0.4716796875 0.3076171875000001 0.4716796875 0.3076171875000001 0.5087890625 0.3232421875000001 0.5087890625
46 0.3457031250000001 0.4716796875 0.3291015625000001 0.4716796875 0.3291015625000001 0.5087890625 0.3457031250000001 0.5087890625
26 0.3681640625000001 0.470703125 0.3535156250000001 0.470703125 0.3535156250000001 0.509765625 0.3681640625000001 0.509765625
22 0.3916015625000001 0.47265625 0.3750000000000001 0.47265625 0.3750000000000001 0.509765625 0.3916015625000001 0.509765625
39 0.4150390625000001 0.4716796875 0.3974609375000001 0.4716796875 0.3974609375000001 0.51171875 0.4150390625000001 0.51171875
32 0.4384765625000001 0.47265625 0.4208984375000001 0.47265625 0.4208984375000001 0.513671875 0.4384765625000001 0.513671875
31 0.4628906250000001 0.47363281250000006 0.4453125000000001 0.4736328125 0.4453125000000001 0.5126953125 0.4628906250000001 0.5126953125
41 0.5 0.4736328125000001 0.4804687500000001 0.4736328125000001 0.4804687500000001 0.515625 0.5 0.515625
51 0.5244140625 0.4736328125000001 0.505859375 0.4736328125000001 0.505859375 0.515625 0.5244140625 0.515625
39 0.5517578125 0.4726562500000001 0.5322265625 0.4726562500000001 0.5322265625 0.515625 0.5517578125 0.515625
33 0.578125 0.4726562500000001 0.55859375 0.4726562500000001 0.55859375 0.515625 0.578125 0.515625
46 0.60546875 0.4736328125000001 0.5859375 0.4736328125000001 0.5859375 0.5166015625 0.60546875 0.5166015625
42 0.20117187500000006 0.5224609375 0.18554687500000006 0.5224609375 0.18554687500000006 0.5595703125 0.20117187500000006 0.5595703125
26 0.22167968750000006 0.5224609375 0.20605468750000006 0.5224609375 0.20605468750000006 0.5595703125 0.22167968750000006 0.5595703125
29 0.24218750000000006 0.5234375 0.22656250000000006 0.5234375 0.22656250000000006 0.5625 0.24218750000000006 0.5625
30 0.2626953125000001 0.525390625 0.24707031250000006 0.525390625 0.24707031250000006 0.5625 0.2626953125000001 0.5625
37 0.2841796875000001 0.525390625 0.2685546875000001 0.525390625 0.2685546875000001 0.564453125 0.2841796875000001 0.564453125
42 0.3154296875000001 0.5263671875 0.3007812500000001 0.5263671875 0.3007812500000001 0.5673828125 0.3154296875000001 0.5673828125
19 0.3378906250000001 0.5263671875 0.3222656250000001 0.5263671875 0.3222656250000001 0.564453125 0.3378906250000001 0.564453125
20 0.3623046875000001 0.5283203125 0.3447265625000001 0.5283203125 0.3447265625000001 0.5673828125 0.3623046875000001 0.5673828125
40 0.3837890625000001 0.5302734375 0.3671875000000001 0.5302734375 0.3671875000000001 0.568359375 0.3837890625000001 0.568359375
46 0.4072265625000001 0.5283203125 0.3896484375000001 0.5283203125 0.3896484375000001 0.5703125 0.4072265625000001 0.5703125
32 0.4316406250000001 0.53125 0.4140625000000001 0.53125 0.4140625000000001 0.5703125 0.4316406250000001 0.5703125
43 0.4677734375000001 0.5302734375 0.4472656250000001 0.5302734375 0.4472656250000001 0.5712890625 0.4677734375000001 0.5712890625
47 0.5302734375 0.5341796875 0.51171875 0.5341796875 0.51171875 0.576171875 0.5302734375 0.576171875
23 0.6240234375 0.53515625 0.6044921875 0.53515625 0.6044921875 0.58203125 0.6240234375 0.58203125
40 0.6533203125 0.5361328125 0.6318359375 0.5361328125 0.6318359375 0.5830078125 0.6533203125 0.5830078125
47 0.759765625 0.5419921875 0.7373046875 0.5419921875 0.7373046875 0.58984375 0.759765625 0.58984375
20 0.23925781250000006 0.578125 0.22265625000000006 0.578125 0.22265625000000006 0.61328125 0.23925781250000006 0.61328125
26 0.2597656250000001 0.578125 0.24414062500000006 0.578125 0.24414062500000006 0.6142578125 0.2597656250000001 0.6142578125
54 0.2802734375000001 0.5791015625 0.2646484375000001 0.5791015625 0.2646484375000001 0.6181640625 0.2802734375000001 0.6181640625
41 0.3144531250000001 0.5810546875 0.2958984375000001 0.5810546875 0.2958984375000001 0.6201171875 0.3144531250000001 0.6201171875
26 0.3349609375000001 0.5830078125 0.3193359375000001 0.5830078125 0.3193359375000001 0.6201171875 0.3349609375000001 0.6201171875
42 0.3583984375000001 0.583984375 0.3398437500000001 0.583984375 0.3398437500000001 0.623046875 0.3583984375000001 0.623046875
26 0.3828125000000001 0.5849609375 0.3642578125000001 0.5849609375 0.3642578125000001 0.625 0.3828125000000001 0.625
42 0.4052734375000001 0.5869140625 0.3857421875000001 0.5869140625 0.3857421875000001 0.6259765625 0.4052734375000001 0.6259765625
32 0.4277343750000001 0.587890625 0.4101562500000001 0.587890625 0.4101562500000001 0.62890625 0.4277343750000001 0.62890625
49 0.4521484375000001 0.5908203125 0.4355468750000001 0.5908203125 0.4355468750000001 0.6298828125 0.4521484375000001 0.6298828125
19 0.4775390625000001 0.5908203125 0.4599609375000001 0.5908203125 0.4599609375000001 0.626953125 0.4775390625000001 0.626953125
30 0.515625 0.59375 0.4960937500000001 0.59375 0.4960937500000001 0.6337890625 0.515625 0.6337890625
49 0.5537109375 0.5966796875 0.53515625 0.5966796875 0.53515625 0.638671875 0.5537109375 0.638671875
32 0.580078125 0.59765625 0.560546875 0.59765625 0.560546875 0.640625 0.580078125 0.640625
50 0.6083984375 0.5986328125 0.587890625 0.5986328125 0.587890625 0.6435546875 0.6083984375 0.6435546875
40 0.6376953125 0.6005859375 0.6162109375 0.6005859375 0.6162109375 0.64453125 0.6376953125 0.64453125
23 0.6669921875 0.6025390625 0.64453125 0.6025390625 0.64453125 0.6494140625 0.6669921875 0.6494140625
39 0.6982421875 0.6044921875 0.673828125 0.6044921875 0.673828125 0.650390625 0.6982421875 0.650390625
32 0.728515625 0.607421875 0.705078125 0.607421875 0.705078125 0.6533203125 0.728515625 0.6533203125
50 0.7607421875 0.6083984375 0.736328125 0.6083984375 0.736328125 0.6572265625 0.7607421875 0.6572265625