40 0.3037109375000001 0.63671875 0.2880859375000001 0.63671875 0.2880859375000001 0.6669921875 0.3037109375000001 0.6669921875
40 0.3232421875000001 0.634765625 0.3076171875000001 0.634765625 0.3076171875000001 0.6650390625 0.3232421875000001 0.6650390625
40 0.3427734375000001 0.6318359375 0.3281250000000001 0.6318359375 0.3281250000000001 0.6640625 0.3427734375000001 0.6640625
34 0.3720703125000001 0.6279296875 0.3574218750000001 0.6279296875 0.3574218750000001 0.66015625 0.3720703125000001 0.66015625
28 0.3916015625000001 0.626953125 0.3769531250000001 0.626953125 0.3769531250000001 0.6572265625 0.3916015625000001 0.6572265625
30 0.4121093750000001 0.6240234375 0.3974609375000001 0.6240234375 0.3974609375000001 0.6552734375 0.4121093750000001 0.6552734375
23 0.4316406250000001 0.6220703125 0.4160156250000001 0.6220703125 0.4160156250000001 0.654296875 0.4316406250000001 0.654296875
24 0.4619140625000001 0.6220703125 0.4462890625000001 0.6220703125 0.4462890625000001 0.65234375 0.4619140625000001 0.65234375
23 0.4902343750000001 0.6162109375 0.4736328125000001 0.6162109375 0.4736328125000001 0.6484375 0.4902343750000001 0.6484375
26 0.5107421875 0.6162109375 0.4941406250000001 0.6162109375 0.4941406250000001 0.6474609375 0.5107421875 0.6474609375
44 0.5302734375 0.6142578125 0.5146484375 0.6142578125 0.5146484375 0.64453125 0.5302734375 0.64453125
53 0.5498046875 0.6123046875 0.5341796875 0.6123046875 0.5341796875 0.642578125 0.5498046875 0.642578125
49 0.5703125 0.6103515625 0.5546875 0.6103515625 0.5546875 0.6396484375 0.5703125 0.6396484375
19 0.587890625 0.6083984375 0.5732421875 0.6083984375 0.5732421875 0.638671875 0.587890625 0.638671875
52 0.6103515625 0.6064453125 0.59375 0.6064453125 0.59375 0.6376953125 0.6103515625 0.6376953125
19 0.638671875 0.603515625 0.623046875 0.603515625 0.623046875 0.6357421875 0.638671875 0.6357421875
41 0.658203125 0.6005859375 0.6435546875 0.6005859375 0.6435546875 0.6337890625 0.658203125 0.6337890625
46 0.6787109375 0.6005859375 0.6650390625 0.6005859375 0.6650390625 0.6318359375 0.6787109375 0.6318359375
26 0.7001953125 0.599609375 0.6845703125 0.599609375 0.6845703125 0.6298828125 0.7001953125 0.6298828125
33 0.720703125 0.59765625 0.705078125 0.59765625 0.705078125 0.62890625 0.720703125 0.62890625
19 0.7412109375 0.595703125 0.7255859375 0.595703125 0.7255859375 0.6259765625 0.7412109375 0.6259765625
35 0.763671875 0.59375 0.7490234375 0.59375 0.7490234375 0.6259765625 0.763671875 0.6259765625
19 0.3828125000000001 0.671875 0.3681640625000001 0.671875 0.3681640625000001 0.703125 0.3828125000000001 0.703125
41 0.4023437500000001 0.669921875 0.3886718750000001 0.669921875 0.3886718750000001 0.7021484375 0.4023437500000001 0.7021484375
46 0.4238281250000001 0.66796875 0.4091796875000001 0.66796875 0.4091796875000001 0.7001953125 0.4238281250000001 0.7001953125
26 0.4433593750000001 0.6650390625 0.4287109375000001 0.6650390625 0.4287109375000001 0.697265625 0.4433593750000001 0.697265625
22 0.4638671875000001 0.6630859375 0.4482421875000001 0.6630859375 0.4482421875000001 0.6953125 0.4638671875000001 0.6953125
39 0.4833984375000001 0.662109375 0.4677734375000001 0.662109375 0.4677734375000001 0.693359375 0.4833984375000001 0.693359375
32 0.5048828125 0.6591796875 0.4892578125000001 0.6591796875 0.4892578125000001 0.6923828125 0.5048828125 0.6923828125
31 0.5234375 0.6591796875 0.5078125 0.6591796875 0.5078125 0.6904296875 0.5234375 0.6904296875
41 0.5517578125 0.65625 0.537109375 0.65625 0.537109375 0.6865234375 0.5517578125 0.6865234375
51 0.5732421875 0.654296875 0.5576171875 0.654296875 0.5576171875 0.6865234375 0.5732421875 0.6865234375
39 0.5927734375 0.65234375 0.5771484375 0.65234375 0.5771484375 0.68359375 0.5927734375 0.68359375
33 0.6123046875 0.650390625 0.5966796875 0.650390625 0.5966796875 0.6826171875 0.6123046875 0.6826171875
46 0.6337890625 0.650390625 0.6181640625 0.650390625 0.6181640625 0.681640625 0.6337890625 0.681640625
42 0.2919921875000001 0.7265625 0.2753906250000001 0.7265625 0.2753906250000001 0.7587890625 0.2919921875000001 0.7587890625
26 0.3125000000000001 0.724609375 0.2968750000000001 0.724609375 0.2968750000000001 0.7568359375 0.3125000000000001 0.7568359375
29 0.3310546875000001 0.72265625 0.3173828125000001 0.72265625 0.3173828125000001 0.75390625 0.3310546875000001 0.75390625
30 0.3515625000000001 0.720703125 0.3378906250000001 0.720703125 0.3378906250000001 0.751953125 0.3515625000000001 0.751953125
37 0.3720703125000001 0.7177734375 0.3564453125000001 0.7177734375 0.3564453125000001 0.75 0.3720703125000001 0.75
42 0.4013671875000001 0.7158203125 0.3857421875000001 0.7158203125 0.3857421875000001 0.748046875 0.4013671875000001 0.748046875
19 0.4218750000000001 0.71484375 0.4062500000000001 0.71484375 0.4062500000000001 0.74609375 0.4218750000000001 0.74609375
20 0.4414062500000001 0.7119140625 0.4257812500000001 0.7119140625 0.4257812500000001 0.7431640625 0.4414062500000001 0.7431640625
40 0.4609375000000001 0.7099609375 0.4462890625000001 0.7099609375 0.4462890625000001 0.7412109375 0.4609375000000001 0.7412109375
46 0.4814453125000001 0.70703125 0.4667968750000001 0.70703125 0.4667968750000001 0.7392578125 0.4814453125000001 0.7392578125
32 0.501953125 0.7060546875 0.4863281250000001 0.7060546875 0.4863281250000001 0.73828125 0.501953125 0.73828125
43 0.5302734375 0.703125 0.515625 0.703125 0.515625 0.734375 0.5302734375 0.734375
47 0.5810546875 0.6982421875 0.564453125 0.6982421875 0.564453125 0.7314453125 0.5810546875 0.7314453125
23 0.650390625 0.693359375 0.634765625 0.693359375 0.634765625 0.724609375 0.650390625 0.724609375
40 0.6708984375 0.69140625 0.6552734375 0.69140625 0.6552734375 0.724609375 0.6708984375 0.724609375
47 0.7431640625 0.685546875 0.7265625 0.685546875 0.7265625 0.71875 0.7431640625 0.71875
20 0.3339843750000001 0.767578125 0.3173828125000001 0.767578125 0.3173828125000001 0.7998046875 0.3339843750000001 0.7998046875
26 0.3535156250000001 0.765625 0.3378906250000001 0.765625 0.3378906250000001 0.7978515625 0.3535156250000001 0.7978515625
54 0.3740234375000001 0.763671875 0.3583984375000001 0.763671875 0.3583984375000001 0.7958984375 0.3740234375000001 0.7958984375
41 0.4033203125000001 0.7587890625 0.3876953125000001 0.7587890625 0.3876953125000001 0.7919921875 0.4033203125000001 0.7919921875
26 0.4228515625000001 0.7587890625 0.4082031250000001 0.7587890625 0.4082031250000001 0.7880859375 0.4228515625000001 0.7880859375
42 0.4433593750000001 0.7578125 0.4267578125000001 0.7578125 0.4267578125000001 0.7880859375 0.4433593750000001 0.7880859375
26 0.4638671875000001 0.7548828125 0.4482421875000001 0.7548828125 0.4482421875000001 0.7861328125 0.4638671875000001 0.7861328125
42 0.4833984375000001 0.7529296875 0.4667968750000001 0.7529296875 0.4667968750000001 0.78515625 0.4833984375000001 0.78515625
32 0.50390625 0.7509765625 0.4882812500000001 0.7509765625 0.4882812500000001 0.7822265625 0.50390625 0.7822265625
49 0.5234375 0.7490234375 0.5078125 0.7490234375 0.5078125 0.78125 0.5234375 0.78125
19 0.54296875 0.748046875 0.5283203125 0.748046875 0.5283203125 0.7783203125 0.54296875 0.7783203125
30 0.572265625 0.7451171875 0.5576171875 0.7451171875 0.5576171875 0.7783203125 0.572265625 0.7783203125
49 0.603515625 0.7431640625 0.5869140625 0.7431640625 0.5869140625 0.7744140625 0.603515625 0.7744140625
32 0.6240234375 0.7412109375 0.6064453125 0.7412109375 0.6064453125 0.7724609375 0.6240234375 0.7724609375
50 0.6435546875 0.740234375 0.6279296875 0.740234375 0.6279296875 0.771484375 0.6435546875 0.771484375
40 0.6630859375 0.7392578125 0.6474609375 0.7392578125 0.6474609375 0.76953125 0.6630859375 0.76953125
23 0.68359375 0.736328125 0.66796875 0.736328125 0.66796875 0.767578125 0.68359375 0.767578125
39 0.7041015625 0.7353515625 0.6884765625 0.7353515625 0.6884765625 0.7666015625 0.7041015625 0.7666015625
32 0.7265625 0.7333984375 0.7109375 0.7333984375 0.7109375 0.765625 0.7265625 0.765625
50 0.7470703125 0.732421875 0.73046875 0.732421875 0.73046875 0.7646484375 0.7470703125 0.7646484375