49 0.4062500000000001 0.6787109375 0.3974609375000001 0.6787109375 0.3974609375000001 0.697265625 0.4062500000000001 0.697265625
32 0.4189453125000001 0.6806640625 0.4101562500000001 0.6806640625 0.4101562500000001 0.7001953125 0.4189453125000001 0.7001953125
54 0.4326171875000001 0.681640625 0.4228515625000001 0.681640625 0.4228515625000001 0.701171875 0.4326171875000001 0.701171875
40 0.4462890625000001 0.6826171875 0.4355468750000001 0.6826171875 0.4355468750000001 0.7021484375 0.4462890625000001 0.7021484375
49 0.4599609375000001 0.685546875 0.4501953125000001 0.685546875 0.4501953125000001 0.705078125 0.4599609375000001 0.705078125
41 0.4863281250000001 0.6875 0.4765625000000001 0.6875 0.4765625000000001 0.70703125 0.4863281250000001 0.70703125
26 0.5009765625 0.689453125 0.4902343750000001 0.689453125 0.4902343750000001 0.708984375 0.5009765625 0.708984375
42 0.5146484375 0.6904296875 0.50390625 0.6904296875 0.50390625 0.7099609375 0.5146484375 0.7099609375
43 0.5283203125 0.6923828125 0.5185546875 0.6923828125 0.5185546875 0.7119140625 0.5283203125 0.7119140625
40 0.54296875 0.693359375 0.5322265625 0.693359375 0.5322265625 0.712890625 0.54296875 0.712890625
39 0.5576171875 0.6943359375 0.546875 0.6943359375 0.546875 0.71484375 0.5576171875 0.71484375
19 0.5712890625 0.6962890625 0.5615234375 0.6962890625 0.5615234375 0.7158203125 0.5712890625 0.7158203125
36 0.5869140625 0.697265625 0.576171875 0.697265625 0.576171875 0.7177734375 0.5869140625 0.7177734375
19 0.6005859375 0.6982421875 0.58984375 0.6982421875 0.58984375 0.71875 0.6005859375 0.71875
47 0.6162109375 0.6982421875 0.60546875 0.6982421875 0.60546875 0.720703125 0.6162109375 0.720703125
41 0.4072265625000001 0.705078125 0.3974609375000001 0.705078125 0.3974609375000001 0.724609375 0.4072265625000001 0.724609375
40 0.4208984375000001 0.70703125 0.4111328125000001 0.70703125 0.4111328125000001 0.7265625 0.4208984375000001 0.7265625
23 0.4335937500000001 0.708984375 0.4238281250000001 0.708984375 0.4238281250000001 0.728515625 0.4335937500000001 0.728515625
54 0.4609375000000001 0.712890625 0.4501953125000001 0.712890625 0.4501953125000001 0.732421875 0.4609375000000001 0.732421875
39 0.4736328125000001 0.7138671875 0.4638671875000001 0.7138671875 0.4638671875000001 0.7333984375 0.4736328125000001 0.7333984375
19 0.4873046875000001 0.71484375 0.4775390625000001 0.71484375 0.4775390625000001 0.734375 0.4873046875000001 0.734375
33 0.5009765625 0.716796875 0.4912109375000001 0.716796875 0.4912109375000001 0.736328125 0.5009765625 0.736328125
40 0.515625 0.71875 0.5048828125 0.71875 0.5048828125 0.73828125 0.515625 0.73828125
37 0.529296875 0.7197265625 0.5185546875 0.7197265625 0.5185546875 0.7392578125 0.529296875 0.7392578125