51 0.3740234375000001 0.5146484375 0.3642578125000001 0.5146484375 0.3642578125000001 0.5341796875 0.3740234375000001 0.5341796875
22 0.3837890625000001 0.5146484375 0.3750000000000001 0.5146484375 0.3750000000000001 0.533203125 0.3837890625000001 0.533203125
26 0.3945312500000001 0.513671875 0.3847656250000001 0.513671875 0.3847656250000001 0.533203125 0.3945312500000001 0.533203125
20 0.4042968750000001 0.513671875 0.3955078125000001 0.513671875 0.3955078125000001 0.533203125 0.4042968750000001 0.533203125
39 0.4150390625000001 0.513671875 0.4052734375000001 0.513671875 0.4052734375000001 0.5322265625 0.4150390625000001 0.5322265625
19 0.4257812500000001 0.5146484375 0.4160156250000001 0.5146484375 0.4160156250000001 0.533203125 0.4257812500000001 0.533203125
52 0.4355468750000001 0.513671875 0.4267578125000001 0.513671875 0.4267578125000001 0.5341796875 0.4355468750000001 0.5341796875
19 0.4511718750000001 0.5146484375 0.4423828125000001 0.5146484375 0.4423828125000001 0.5322265625 0.4511718750000001 0.5322265625
51 0.4599609375000001 0.513671875 0.4521484375000001 0.513671875 0.4521484375000001 0.5322265625 0.4599609375000001 0.5322265625
23 0.4697265625000001 0.5126953125 0.4619140625000001 0.5126953125 0.4619140625000001 0.5322265625 0.4697265625000001 0.5322265625
30 0.4804687500000001 0.513671875 0.4716796875000001 0.513671875 0.4716796875000001 0.5322265625 0.4804687500000001 0.5322265625
46 0.4902343750000001 0.5126953125 0.4824218750000001 0.5126953125 0.4824218750000001 0.53125 0.4902343750000001 0.53125
40 0.5009765625 0.513671875 0.4921875000000001 0.513671875 0.4921875000000001 0.5322265625 0.5009765625 0.5322265625
42 0.509765625 0.513671875 0.5009765625 0.513671875 0.5009765625 0.5322265625 0.509765625 0.5322265625
30 0.51953125 0.513671875 0.51171875 0.513671875 0.51171875 0.53125 0.51953125 0.53125
52 0.5302734375 0.5126953125 0.521484375 0.5126953125 0.521484375 0.5322265625 0.5302734375 0.5322265625
23 0.5439453125 0.5126953125 0.53515625 0.5126953125 0.53515625 0.53125 0.5439453125 0.53125
36 0.5537109375 0.5126953125 0.544921875 0.5126953125 0.544921875 0.53125 0.5537109375 0.53125
52 0.5634765625 0.5126953125 0.5537109375 0.5126953125 0.5537109375 0.5322265625 0.5634765625 0.5322265625
41 0.5771484375 0.51171875 0.568359375 0.51171875 0.568359375 0.5302734375 0.5771484375 0.5302734375
42 0.5869140625 0.513671875 0.5791015625 0.513671875 0.5791015625 0.53125 0.5869140625 0.53125
40 0.595703125 0.5126953125 0.587890625 0.5126953125 0.587890625 0.5302734375 0.595703125 0.5302734375
49 0.6064453125 0.5126953125 0.59765625 0.5126953125 0.59765625 0.53125 0.6064453125 0.53125
26 0.615234375 0.513671875 0.607421875 0.513671875 0.607421875 0.5322265625 0.615234375 0.5322265625
23 0.625 0.5126953125 0.6171875 0.5126953125 0.6171875 0.5302734375 0.625 0.5302734375
26 0.6337890625 0.5126953125 0.6259765625 0.5126953125 0.6259765625 0.5302734375 0.6337890625 0.5302734375
39 0.6435546875 0.5126953125 0.634765625 0.5126953125 0.634765625 0.5302734375 0.6435546875 0.5302734375
30 0.65234375 0.5126953125 0.64453125 0.5126953125 0.64453125 0.5302734375 0.65234375 0.5302734375
52 0.662109375 0.5126953125 0.6533203125 0.5126953125 0.6533203125 0.53125 0.662109375 0.53125
36 0.3906250000000001 0.5361328125 0.3818359375000001 0.5361328125 0.3818359375000001 0.5556640625 0.3906250000000001 0.5556640625
19 0.4013671875000001 0.5361328125 0.3925781250000001 0.5361328125 0.3925781250000001 0.5556640625 0.4013671875000001 0.5556640625
20 0.4121093750000001 0.537109375 0.4023437500000001 0.537109375 0.4023437500000001 0.556640625 0.4121093750000001 0.556640625
40 0.4218750000000001 0.5361328125 0.4130859375000001 0.5361328125 0.4130859375000001 0.5556640625 0.4218750000000001 0.5556640625
42 0.4326171875000001 0.5361328125 0.4238281250000001 0.5361328125 0.4238281250000001 0.5556640625 0.4326171875000001 0.5556640625
19 0.4433593750000001 0.5361328125 0.4335937500000001 0.5361328125 0.4335937500000001 0.5556640625 0.4433593750000001 0.5556640625
46 0.4531250000000001 0.5361328125 0.4443359375000001 0.5361328125 0.4443359375000001 0.5556640625 0.4531250000000001 0.5556640625
40 0.4628906250000001 0.5361328125 0.4541015625000001 0.5361328125 0.4541015625000001 0.5546875 0.4628906250000001 0.5546875
42 0.4726562500000001 0.5361328125 0.4638671875000001 0.5361328125 0.4638671875000001 0.5546875 0.4726562500000001 0.5546875
39 0.4824218750000001 0.53515625 0.4746093750000001 0.53515625 0.4746093750000001 0.5546875 0.4824218750000001 0.5546875
32 0.4931640625000001 0.53515625 0.4843750000000001 0.53515625 0.4843750000000001 0.5546875 0.4931640625000001 0.5546875
50 0.5029296875 0.5361328125 0.4941406250000001 0.5361328125 0.4941406250000001 0.5556640625 0.5029296875 0.5556640625
55 0.5126953125 0.537109375 0.50390625 0.537109375 0.50390625 0.5546875 0.5126953125 0.5546875
41 0.52734375 0.53515625 0.517578125 0.53515625 0.517578125 0.5537109375 0.52734375 0.5537109375
42 0.537109375 0.53515625 0.5283203125 0.53515625 0.5283203125 0.5537109375 0.537109375 0.5537109375
19 0.5458984375 0.5341796875 0.537109375 0.5341796875 0.537109375 0.5537109375 0.5458984375 0.5537109375
33 0.556640625 0.53515625 0.546875 0.53515625 0.546875 0.5537109375 0.556640625 0.5537109375
46 0.5654296875 0.53515625 0.5576171875 0.53515625 0.5576171875 0.552734375 0.5654296875 0.552734375
30 0.5751953125 0.5341796875 0.56640625 0.5341796875 0.56640625 0.5537109375 0.5751953125 0.5537109375
22 0.5849609375 0.5341796875 0.576171875 0.5341796875 0.576171875 0.5517578125 0.5849609375 0.5517578125
26 0.5947265625 0.533203125 0.5859375 0.533203125 0.5859375 0.552734375 0.5947265625 0.552734375
43 0.603515625 0.5341796875 0.5947265625 0.5341796875 0.5947265625 0.552734375 0.603515625 0.552734375
33 0.61328125 0.5341796875 0.603515625 0.5341796875 0.603515625 0.552734375 0.61328125 0.552734375
30 0.623046875 0.5341796875 0.6142578125 0.5341796875 0.6142578125 0.552734375 0.623046875 0.552734375
50 0.6328125 0.5341796875 0.6240234375 0.5341796875 0.6240234375 0.5537109375 0.6328125 0.5537109375
30 0.646484375 0.533203125 0.6376953125 0.533203125 0.6376953125 0.552734375 0.646484375 0.552734375
36 0.4404296875000001 0.55859375 0.4306640625000001 0.55859375 0.4306640625000001 0.578125 0.4404296875000001 0.578125
26 0.4511718750000001 0.55859375 0.4423828125000001 0.55859375 0.4423828125000001 0.5771484375 0.4511718750000001 0.5771484375
33 0.4599609375000001 0.55859375 0.4511718750000001 0.55859375 0.4511718750000001 0.5771484375 0.4599609375000001 0.5771484375
21 0.4707031250000001 0.5576171875 0.4619140625000001 0.5576171875 0.4619140625000001 0.5771484375 0.4707031250000001 0.5771484375
30 0.4804687500000001 0.5576171875 0.4716796875000001 0.5576171875 0.4716796875000001 0.578125 0.4804687500000001 0.578125
40 0.4902343750000001 0.5576171875 0.4814453125000001 0.5576171875 0.4814453125000001 0.5771484375 0.4902343750000001 0.5771484375
39 0.5 0.556640625 0.4912109375000001 0.556640625 0.4912109375000001 0.5771484375 0.5 0.5771484375
39 0.509765625 0.5576171875 0.5009765625 0.5576171875 0.5009765625 0.5771484375 0.509765625 0.5771484375
32 0.51953125 0.556640625 0.5107421875 0.556640625 0.5107421875 0.576171875 0.51953125 0.576171875
50 0.5302734375 0.556640625 0.5205078125 0.556640625 0.5205078125 0.576171875 0.5302734375 0.576171875
54 0.5439453125 0.556640625 0.5341796875 0.556640625 0.5341796875 0.576171875 0.5439453125 0.576171875
19 0.5537109375 0.556640625 0.544921875 0.556640625 0.544921875 0.5751953125 0.5537109375 0.5751953125
39 0.5625 0.5556640625 0.5537109375 0.5556640625 0.5537109375 0.5751953125 0.5625 0.5751953125
52 0.5732421875 0.5556640625 0.564453125 0.5556640625 0.564453125 0.5751953125 0.5732421875 0.5751953125
46 0.58203125 0.556640625 0.57421875 0.556640625 0.57421875 0.5751953125 0.58203125 0.5751953125
30 0.591796875 0.5556640625 0.5830078125 0.5556640625 0.5830078125 0.5751953125 0.591796875 0.5751953125
31 0.6005859375 0.5556640625 0.5927734375 0.5556640625 0.5927734375 0.57421875 0.6005859375 0.57421875