40 0.13476562500000006 0.580078125 0.11914062500000008 0.580078125 0.11914062500000008 0.61328125 0.13476562500000006 0.61328125
40 0.15527343750000006 0.5810546875 0.13867187500000006 0.5810546875 0.13867187500000006 0.61328125 0.15527343750000006 0.61328125
40 0.17382812500000006 0.580078125 0.15917968750000006 0.580078125 0.15917968750000006 0.6142578125 0.17382812500000006 0.6142578125
34 0.20605468750000006 0.58203125 0.19042968750000006 0.58203125 0.19042968750000006 0.6142578125 0.20605468750000006 0.6142578125
28 0.22558593750000006 0.580078125 0.20996093750000006 0.580078125 0.20996093750000006 0.611328125 0.22558593750000006 0.611328125
30 0.24804687500000006 0.580078125 0.23144531250000006 0.580078125 0.23144531250000006 0.6103515625 0.24804687500000006 0.6103515625
23 0.2695312500000001 0.580078125 0.2519531250000001 0.580078125 0.2519531250000001 0.611328125 0.2695312500000001 0.611328125
24 0.3037109375000001 0.5849609375 0.2861328125000001 0.5849609375 0.2861328125000001 0.6162109375 0.3037109375000001 0.6162109375
23 0.3349609375000001 0.580078125 0.3173828125000001 0.580078125 0.3173828125000001 0.61328125 0.3349609375000001 0.61328125
26 0.3583984375000001 0.5810546875 0.3398437500000001 0.5810546875 0.3398437500000001 0.615234375 0.3583984375000001 0.615234375
44 0.3818359375000001 0.58203125 0.3632812500000001 0.58203125 0.3632812500000001 0.6162109375 0.3818359375000001 0.6162109375
53 0.4042968750000001 0.58203125 0.3867187500000001 0.58203125 0.3867187500000001 0.6171875 0.4042968750000001 0.6171875
49 0.4287109375000001 0.58203125 0.4111328125000001 0.58203125 0.4111328125000001 0.615234375 0.4287109375000001 0.615234375
19 0.4501953125000001 0.5810546875 0.4326171875000001 0.5810546875 0.4326171875000001 0.6142578125 0.4501953125000001 0.6142578125
52 0.4765625000000001 0.5810546875 0.4580078125000001 0.5810546875 0.4580078125000001 0.619140625 0.4765625000000001 0.619140625
19 0.513671875 0.58203125 0.4951171875000001 0.58203125 0.4951171875000001 0.6181640625 0.513671875 0.6181640625
41 0.5380859375 0.58203125 0.51953125 0.58203125 0.51953125 0.62109375 0.5380859375 0.62109375
46 0.5654296875 0.5830078125 0.5458984375 0.5830078125 0.5458984375 0.6201171875 0.5654296875 0.6201171875
26 0.5927734375 0.583984375 0.572265625 0.583984375 0.572265625 0.6201171875 0.5927734375 0.6201171875
33 0.619140625 0.583984375 0.5986328125 0.583984375 0.5986328125 0.623046875 0.619140625 0.623046875
19 0.6484375 0.583984375 0.626953125 0.583984375 0.626953125 0.6240234375 0.6484375 0.6240234375
35 0.6767578125 0.587890625 0.65625 0.587890625 0.65625 0.6259765625 0.6767578125 0.6259765625
19 0.22167968750000006 0.62890625 0.20410156250000006 0.62890625 0.20410156250000006 0.6630859375 0.22167968750000006 0.6630859375
41 0.24023437500000006 0.6298828125 0.22460937500000006 0.6298828125 0.22460937500000006 0.6640625 0.24023437500000006 0.6640625
46 0.2636718750000001 0.6318359375 0.24707031250000006 0.6318359375 0.24707031250000006 0.6650390625 0.2636718750000001 0.6650390625
26 0.2841796875000001 0.62890625 0.2685546875000001 0.62890625 0.2685546875000001 0.6640625 0.2841796875000001 0.6640625
22 0.3066406250000001 0.6318359375 0.2890625000000001 0.6318359375 0.2890625000000001 0.666015625 0.3066406250000001 0.666015625
39 0.3291015625000001 0.630859375 0.3115234375000001 0.630859375 0.3115234375000001 0.6669921875 0.3291015625000001 0.6669921875
32 0.3535156250000001 0.630859375 0.3339843750000001 0.630859375 0.3339843750000001 0.6689453125 0.3535156250000001 0.6689453125
31 0.3759765625000001 0.6337890625 0.3554687500000001 0.6337890625 0.3554687500000001 0.6689453125 0.3759765625000001 0.6689453125
41 0.4082031250000001 0.6337890625 0.3906250000000001 0.6337890625 0.3906250000000001 0.669921875 0.4082031250000001 0.669921875
51 0.4326171875000001 0.6337890625 0.4130859375000001 0.6337890625 0.4130859375000001 0.671875 0.4326171875000001 0.671875
39 0.4560546875000001 0.634765625 0.4375000000000001 0.634765625 0.4375000000000001 0.671875 0.4560546875000001 0.671875
33 0.4794921875000001 0.634765625 0.4619140625000001 0.634765625 0.4619140625000001 0.6728515625 0.4794921875000001 0.6728515625
46 0.5048828125 0.63671875 0.4873046875000001 0.63671875 0.4873046875000001 0.6728515625 0.5048828125 0.6728515625
42 0.13085937500000008 0.6748046875 0.11328125000000008 0.6748046875 0.11328125000000008 0.708984375 0.1308593750000001 0.708984375
26 0.15039062500000008 0.6767578125 0.13476562500000006 0.6767578125 0.13476562500000008 0.7109375 0.1503906250000001 0.7109375
29 0.17089843750000008 0.677734375 0.15527343750000006 0.677734375 0.15527343750000008 0.708984375 0.1708984375000001 0.708984375
30 0.19042968750000008 0.6767578125 0.17480468750000006 0.6767578125 0.17480468750000008 0.7080078125 0.1904296875000001 0.7080078125
37 0.20996093750000008 0.6796875 0.19433593750000006 0.6796875 0.19433593750000008 0.7119140625 0.2099609375000001 0.7119140625
42 0.24121093750000008 0.6796875 0.22460937500000006 0.6796875 0.22460937500000008 0.7138671875 0.2412109375000001 0.7138671875
19 0.2617187500000001 0.6806640625 0.2451171875000001 0.6806640625 0.2451171875000001 0.7138671875 0.2617187500000001 0.7138671875
20 0.2822265625000001 0.6806640625 0.2656250000000001 0.6806640625 0.2656250000000001 0.7138671875 0.2822265625000001 0.7138671875
40 0.3046875000000001 0.68359375 0.2880859375000001 0.68359375 0.2880859375000001 0.716796875 0.3046875000000001 0.716796875
46 0.3281250000000001 0.68359375 0.3105468750000001 0.68359375 0.3105468750000001 0.7177734375 0.3281250000000001 0.7177734375
32 0.3505859375000001 0.685546875 0.3330078125000001 0.685546875 0.3330078125000001 0.7197265625 0.3505859375000001 0.7197265625
43 0.3828125000000001 0.6865234375 0.3652343750000001 0.6865234375 0.3652343750000001 0.720703125 0.3828125000000001 0.720703125
47 0.4414062500000001 0.689453125 0.4238281250000001 0.689453125 0.4238281250000001 0.7255859375 0.4414062500000001 0.7255859375
23 0.525390625 0.693359375 0.5068359375 0.693359375 0.5068359375 0.7294921875 0.525390625 0.7294921875
40 0.55078125 0.693359375 0.53125 0.693359375 0.53125 0.732421875 0.55078125 0.732421875
47 0.6435546875 0.701171875 0.6240234375 0.701171875 0.6240234375 0.7392578125 0.6435546875 0.7392578125
20 0.1748046875000001 0.724609375 0.1591796875000001 0.724609375 0.1591796875000001 0.7568359375 0.1748046875000001 0.7568359375
26 0.1953125000000001 0.7255859375 0.1787109375000001 0.7255859375 0.1787109375000001 0.7587890625 0.1953125000000001 0.7587890625
54 0.2167968750000001 0.7255859375 0.1982421875000001 0.7255859375 0.1982421875000001 0.76171875 0.2167968750000001 0.76171875
41 0.2451171875000001 0.7294921875 0.2285156250000001 0.7294921875 0.2285156250000001 0.7626953125 0.2451171875000001 0.7626953125
26 0.2656250000000001 0.7294921875 0.2500000000000001 0.7294921875 0.2500000000000001 0.763671875 0.2656250000000001 0.763671875
42 0.2880859375000001 0.7314453125 0.2695312500000001 0.7314453125 0.2695312500000001 0.765625 0.2880859375000001 0.765625
26 0.3105468750000001 0.732421875 0.2919921875000001 0.732421875 0.2919921875000001 0.7685546875 0.3105468750000001 0.7685546875
42 0.3310546875000001 0.7333984375 0.3125000000000001 0.7333984375 0.3125000000000001 0.7685546875 0.3310546875000001 0.7685546875
32 0.3544921875000001 0.734375 0.3349609375000001 0.734375 0.3349609375000001 0.7705078125 0.3544921875000001 0.7705078125
49 0.3759765625000001 0.736328125 0.3583984375000001 0.736328125 0.3583984375000001 0.771484375 0.3759765625000001 0.771484375
19 0.3984375000000001 0.7373046875 0.3798828125000001 0.7373046875 0.3798828125000001 0.7724609375 0.3984375000000001 0.7724609375
30 0.4326171875000001 0.740234375 0.4150390625000001 0.740234375 0.4150390625000001 0.7763671875 0.4326171875000001 0.7763671875
49 0.4677734375000001 0.7421875 0.4482421875000001 0.7421875 0.4482421875000001 0.7802734375 0.4677734375000001 0.7802734375
32 0.4921875000000001 0.7451171875 0.4726562500000001 0.7451171875 0.4726562500000001 0.78125 0.4921875000000001 0.78125
50 0.515625 0.74609375 0.4980468750000001 0.74609375 0.4980468750000001 0.78125 0.515625 0.78125
40 0.541015625 0.748046875 0.521484375 0.748046875 0.521484375 0.783203125 0.541015625 0.783203125
23 0.56640625 0.75 0.546875 0.75 0.546875 0.7861328125 0.56640625 0.7861328125
39 0.5927734375 0.7509765625 0.572265625 0.7509765625 0.572265625 0.7890625 0.5927734375 0.7890625
32 0.6201171875 0.755859375 0.5986328125 0.755859375 0.5986328125 0.79296875 0.6201171875 0.79296875
50 0.646484375 0.755859375 0.6259765625 0.755859375 0.6259765625 0.7939453125 0.646484375 0.7939453125