33 0.3359375 0.357421875 0.326171875 0.357421875 0.326171875 0.376953125 0.3359375 0.376953125
40 0.345703125 0.357421875 0.3369140625 0.357421875 0.3369140625 0.376953125 0.345703125 0.376953125
37 0.35546875 0.357421875 0.3466796875 0.357421875 0.3466796875 0.3759765625 0.35546875 0.3759765625
41 0.3662109375 0.3564453125 0.3583984375 0.3564453125 0.3583984375 0.375 0.3662109375 0.375
38 0.376953125 0.357421875 0.369140625 0.357421875 0.369140625 0.3740234375 0.376953125 0.3740234375
48 0.3876953125 0.3564453125 0.3798828125 0.3564453125 0.3798828125 0.3740234375 0.3876953125 0.3740234375
46 0.3994140625 0.35546875 0.390625 0.35546875 0.390625 0.375 0.3994140625 0.375
26 0.41015625 0.35546875 0.4013671875 0.35546875 0.4013671875 0.3740234375 0.41015625 0.3740234375
42 0.419921875 0.35546875 0.4111328125 0.35546875 0.4111328125 0.373046875 0.419921875 0.373046875
39 0.4306640625 0.3544921875 0.421875 0.3544921875 0.421875 0.3740234375 0.4306640625 0.3740234375
32 0.44140625 0.3544921875 0.43359375 0.3544921875 0.43359375 0.3720703125 0.44140625 0.3720703125
31 0.4521484375 0.353515625 0.4443359375 0.353515625 0.4443359375 0.3720703125 0.4521484375 0.3720703125
33 0.46875 0.3544921875000001 0.4599609375 0.3544921875000001 0.4599609375 0.3730468750000001 0.46875 0.3730468750000001
36 0.48046875 0.3535156250000001 0.4697265625 0.3535156250000001 0.4697265625 0.3720703125000001 0.48046875 0.3720703125000001
19 0.4912109375 0.3535156250000001 0.4814453125 0.3535156250000001 0.4814453125 0.3720703125000001 0.4912109375 0.3720703125000001
43 0.5029296875 0.3525390625000001 0.4921875 0.3525390625000001 0.4921875 0.3710937500000001 0.5029296875 0.3710937500000001
43 0.513671875 0.3525390625000001 0.50390625 0.3525390625000001 0.50390625 0.3710937500000001 0.513671875 0.3710937500000001
51 0.2666015625 0.384765625 0.2578125 0.384765625 0.2578125 0.4013671875 0.2666015625 0.4013671875
22 0.27734375 0.3837890625 0.2685546875 0.3837890625 0.2685546875 0.4013671875 0.27734375 0.4013671875
26 0.287109375 0.3828125 0.279296875 0.3828125 0.279296875 0.400390625 0.287109375 0.400390625
20 0.2978515625 0.3828125 0.2890625 0.3828125 0.2890625 0.400390625 0.2978515625 0.400390625
39 0.3076171875 0.3828125 0.2998046875 0.3828125 0.2998046875 0.400390625 0.3076171875 0.400390625
19 0.318359375 0.3828125 0.310546875 0.3828125 0.310546875 0.3994140625 0.318359375 0.3994140625
52 0.330078125 0.3818359375 0.3212890625 0.3818359375 0.3212890625 0.400390625 0.330078125 0.400390625
19 0.3447265625 0.3818359375 0.3369140625 0.3818359375 0.3369140625 0.3994140625 0.3447265625 0.3994140625
51 0.3564453125 0.3818359375 0.3466796875 0.3818359375 0.3466796875 0.3994140625 0.3564453125 0.3994140625
23 0.3662109375 0.380859375 0.3583984375 0.380859375 0.3583984375 0.3984375 0.3662109375 0.3984375
30 0.376953125 0.3798828125 0.3681640625 0.3798828125 0.3681640625 0.3974609375 0.376953125 0.3974609375
46 0.388671875 0.3798828125 0.3798828125 0.3798828125 0.3798828125 0.3984375 0.388671875 0.3984375
40 0.3984375 0.3798828125 0.3896484375 0.3798828125 0.3896484375 0.3984375 0.3984375 0.3984375
42 0.4091796875 0.37890625 0.400390625 0.37890625 0.400390625 0.3974609375 0.4091796875 0.3974609375
30 0.4208984375 0.37890625 0.412109375 0.37890625 0.412109375 0.396484375 0.4208984375 0.396484375
52 0.431640625 0.37890625 0.4228515625 0.37890625 0.4228515625 0.3974609375 0.431640625 0.3974609375
23 0.4462890625 0.37890625 0.4375 0.37890625 0.4375 0.396484375 0.4462890625 0.396484375
36 0.4580078125 0.37890625000000006 0.44921875 0.37890625 0.44921875 0.39648437500000006 0.4580078125 0.3964843750000001
52 0.46875 0.3779296875000001 0.4599609375 0.3779296875000001 0.4599609375 0.3964843750000001 0.46875 0.3964843750000001
41 0.484375 0.3769531250000001 0.4755859375 0.3769531250000001 0.4755859375 0.3955078125000001 0.484375 0.3955078125000001
42 0.4951171875 0.3769531250000001 0.486328125 0.3769531250000001 0.486328125 0.3945312500000001 0.4951171875 0.3945312500000001
40 0.505859375 0.3769531250000001 0.498046875 0.3769531250000001 0.498046875 0.3945312500000001 0.505859375 0.3945312500000001
49 0.517578125 0.3759765625000001 0.5087890625 0.3759765625000001 0.5087890625 0.3945312500000001 0.517578125 0.3945312500000001
26 0.5283203125 0.3759765625000001 0.51953125 0.3759765625000001 0.51953125 0.3945312500000001 0.5283203125 0.3945312500000001
23 0.5400390625 0.3750000000000001 0.5302734375 0.3750000000000001 0.5302734375 0.3935546875000001 0.5400390625 0.3935546875000001
26 0.55078125 0.3750000000000001 0.541015625 0.3750000000000001 0.541015625 0.3935546875000001 0.55078125 0.3935546875000001
39 0.5615234375 0.3740234375000001 0.552734375 0.3740234375000001 0.552734375 0.3935546875000001 0.5615234375 0.3935546875000001
30 0.5732421875 0.3740234375000001 0.5634765625 0.3740234375000001 0.5634765625 0.3935546875000001 0.5732421875 0.3935546875000001
52 0.583984375 0.3730468750000001 0.5751953125 0.3730468750000001 0.5751953125 0.3925781250000001 0.583984375 0.3925781250000001
36 0.16796875000000006 0.4091796875 0.15820312500000006 0.4091796875 0.15820312500000006 0.4296875 0.16796875000000006 0.4296875
19 0.17773437500000006 0.41015625 0.16894531250000006 0.41015625 0.16894531250000006 0.4296875 0.17773437500000006 0.4296875
20 0.18750000000000006 0.41015625 0.17871093750000006 0.41015625 0.17871093750000006 0.4296875 0.18750000000000006 0.4296875
40 0.19726562500000006 0.41015625 0.18847656250000006 0.41015625 0.18847656250000006 0.4287109375 0.19726562500000006 0.4287109375
42 0.20703125000000006 0.4091796875 0.19824218750000006 0.4091796875 0.19824218750000006 0.427734375 0.20703125000000006 0.427734375
19 0.21777343750000006 0.4091796875 0.20898437500000006 0.4091796875 0.20898437500000006 0.4267578125 0.21777343750000006 0.4267578125
46 0.22753906250000006 0.408203125 0.21875000000000006 0.408203125 0.21875000000000006 0.4267578125 0.22753906250000006 0.4267578125
40 0.23730468750000006 0.408203125 0.22949218750000006 0.408203125 0.22949218750000006 0.4267578125 0.23730468750000006 0.4267578125
42 0.24804687500000006 0.408203125 0.23925781250000006 0.408203125 0.23925781250000006 0.4267578125 0.24804687500000006 0.4267578125
39 0.2578125 0.4072265625 0.25 0.4072265625 0.25 0.4267578125 0.2578125 0.4267578125
32 0.2685546875 0.4072265625 0.2607421875 0.4072265625 0.2607421875 0.4267578125 0.2685546875 0.4267578125
50 0.279296875 0.40625 0.2705078125 0.40625 0.2705078125 0.42578125 0.279296875 0.42578125
55 0.2900390625 0.40625 0.2802734375 0.40625 0.2802734375 0.42578125 0.2900390625 0.42578125
41 0.3056640625 0.40625 0.296875 0.40625 0.296875 0.4248046875 0.3056640625 0.4248046875
42 0.3154296875 0.4052734375 0.306640625 0.4052734375 0.306640625 0.4248046875 0.3154296875 0.4248046875
19 0.326171875 0.4052734375 0.3173828125 0.4052734375 0.3173828125 0.423828125 0.326171875 0.423828125
33 0.3369140625 0.4052734375 0.328125 0.4052734375 0.328125 0.423828125 0.3369140625 0.423828125
46 0.34765625 0.404296875 0.3388671875 0.404296875 0.3388671875 0.423828125 0.34765625 0.423828125
30 0.3583984375 0.4033203125 0.349609375 0.4033203125 0.349609375 0.423828125 0.3583984375 0.423828125
22 0.369140625 0.404296875 0.3603515625 0.404296875 0.3603515625 0.423828125 0.369140625 0.423828125
26 0.3798828125 0.4033203125 0.37109375 0.4033203125 0.37109375 0.4228515625 0.3798828125 0.4228515625
43 0.390625 0.4033203125 0.3818359375 0.4033203125 0.3818359375 0.4228515625 0.390625 0.4228515625
33 0.40234375 0.4033203125 0.3935546875 0.4033203125 0.3935546875 0.421875 0.40234375 0.421875
30 0.4130859375 0.40234375 0.4033203125 0.40234375 0.4033203125 0.421875 0.4130859375 0.421875
50 0.423828125 0.40234375 0.4140625 0.40234375 0.4140625 0.421875 0.423828125 0.421875
30 0.439453125 0.40234375 0.4296875 0.40234375 0.4296875 0.4208984375 0.439453125 0.4208984375
43 0.455078125 0.40234375000000006 0.4453125 0.40234375 0.4453125 0.42187500000000006 0.455078125 0.4218750000000001
19 0.4658203125 0.4013671875000001 0.45703125 0.4013671875000001 0.45703125 0.4208984375000001 0.4658203125 0.4208984375000001
37 0.4765625 0.4013671875000001 0.4677734375 0.4013671875000001 0.4677734375 0.4208984375000001 0.4765625 0.4208984375000001
40 0.4873046875 0.4013671875000001 0.478515625 0.4013671875000001 0.478515625 0.4199218750000001 0.4873046875 0.4199218750000001
43 0.4990234375 0.4003906250000001 0.4892578125 0.4003906250000001 0.4892578125 0.4199218750000001 0.4990234375 0.4199218750000001
46 0.509765625 0.4003906250000001 0.5009765625 0.4003906250000001 0.5009765625 0.4199218750000001 0.509765625 0.4199218750000001
40 0.5205078125 0.4003906250000001 0.51171875 0.4003906250000001 0.51171875 0.4189453125000001 0.5205078125 0.4189453125000001
52 0.5322265625 0.3994140625000001 0.5224609375 0.3994140625000001 0.5224609375 0.4189453125000001 0.5322265625 0.4189453125000001
46 0.54296875 0.3994140625000001 0.5341796875 0.3994140625000001 0.5341796875 0.4189453125000001 0.54296875 0.4189453125000001
26 0.5537109375 0.3984375000000001 0.544921875 0.3984375000000001 0.544921875 0.4179687500000001 0.5537109375 0.4179687500000001
36 0.5654296875 0.3984375000000001 0.5556640625 0.3984375000000001 0.5556640625 0.4179687500000001 0.5654296875 0.4179687500000001
38 0.576171875 0.3984375000000001 0.56640625 0.3984375000000001 0.56640625 0.4169921875000001 0.576171875 0.4169921875000001
39 0.5869140625 0.3974609375000001 0.578125 0.3974609375000001 0.578125 0.4169921875000001 0.5869140625 0.4169921875000001
32 0.5986328125 0.3974609375000001 0.58984375 0.3974609375000001 0.58984375 0.4150390625000001 0.5986328125 0.4150390625000001
50 0.6103515625 0.3974609375000001 0.6005859375 0.3974609375000001 0.6005859375 0.4160156250000001 0.6103515625 0.4160156250000001
54 0.626953125 0.3955078125000001 0.6171875 0.3955078125000001 0.6171875 0.4160156250000001 0.626953125 0.4160156250000001
19 0.6376953125 0.3964843750000001 0.62890625 0.3964843750000001 0.62890625 0.4160156250000001 0.6376953125 0.4160156250000001
39 0.6494140625 0.3955078125000001 0.6396484375 0.3955078125000001 0.6396484375 0.4140625000000001 0.6494140625 0.4140625000000001
52 0.6611328125 0.3955078125000001 0.6513671875 0.3955078125000001 0.6513671875 0.4140625000000001 0.6611328125 0.4140625000000001
46 0.671875 0.3945312500000001 0.6630859375 0.3945312500000001 0.6630859375 0.4140625000000001 0.671875 0.4140625000000001
30 0.6845703125 0.3945312500000001 0.6748046875 0.3945312500000001 0.6748046875 0.4140625000000001 0.6845703125 0.4140625000000001
31 0.6953125 0.3935546875000001 0.6865234375 0.3935546875000001 0.6865234375 0.4130859375000001 0.6953125 0.4130859375000001