49 0.4589843750000001 0.5908203125 0.4472656250000001 0.5908203125 0.4472656250000001 0.61328125 0.4589843750000001 0.61328125
32 0.4746093750000001 0.587890625 0.4619140625000001 0.587890625 0.4619140625000001 0.6123046875 0.4746093750000001 0.6123046875
54 0.4902343750000001 0.5869140625 0.4785156250000001 0.5869140625 0.4785156250000001 0.609375 0.4902343750000001 0.609375
40 0.505859375 0.5849609375 0.4941406250000001 0.5849609375 0.4941406250000001 0.607421875 0.505859375 0.607421875
49 0.521484375 0.58203125 0.509765625 0.58203125 0.509765625 0.6044921875 0.521484375 0.6044921875
41 0.5517578125 0.5771484375 0.5390625 0.5771484375 0.5390625 0.6005859375 0.5517578125 0.6005859375
26 0.5654296875 0.5751953125 0.5546875 0.5751953125 0.5546875 0.59765625 0.5654296875 0.59765625
42 0.580078125 0.5732421875 0.568359375 0.5732421875 0.568359375 0.595703125 0.580078125 0.595703125
43 0.59375 0.5703125 0.58203125 0.5703125 0.58203125 0.5927734375 0.59375 0.5927734375
40 0.607421875 0.5693359375 0.595703125 0.5693359375 0.595703125 0.58984375 0.607421875 0.58984375
39 0.62109375 0.56640625 0.609375 0.56640625 0.609375 0.587890625 0.62109375 0.587890625
19 0.634765625 0.5634765625 0.623046875 0.5634765625 0.623046875 0.5849609375 0.634765625 0.5849609375
36 0.6484375 0.5615234375 0.6357421875 0.5615234375 0.6357421875 0.5830078125 0.6484375 0.5830078125
19 0.66015625 0.5595703125 0.6494140625 0.5595703125 0.6494140625 0.5810546875 0.66015625 0.5810546875
47 0.6728515625 0.5556640625 0.662109375 0.5556640625 0.662109375 0.5771484375 0.6728515625 0.5771484375
41 0.4580078125000001 0.6240234375 0.4453125000000001 0.6240234375 0.4453125000000001 0.6474609375 0.4580078125000001 0.6474609375
40 0.4726562500000001 0.623046875 0.4609375000000001 0.623046875 0.4609375000000001 0.64453125 0.4726562500000001 0.64453125
23 0.4892578125000001 0.619140625 0.4775390625000001 0.619140625 0.4775390625000001 0.6416015625 0.4892578125000001 0.6416015625
54 0.51953125 0.615234375 0.5087890625 0.615234375 0.5087890625 0.63671875 0.51953125 0.63671875
39 0.53515625 0.611328125 0.5234375 0.611328125 0.5234375 0.6337890625 0.53515625 0.6337890625
19 0.5478515625 0.609375 0.537109375 0.609375 0.537109375 0.6298828125 0.5478515625 0.6298828125
33 0.5625 0.607421875 0.5517578125 0.607421875 0.5517578125 0.62890625 0.5625 0.62890625
40 0.5771484375 0.6044921875 0.56640625 0.6044921875 0.56640625 0.6259765625 0.5771484375 0.6259765625
37 0.5908203125 0.6015625 0.580078125 0.6015625 0.580078125 0.623046875 0.5908203125 0.623046875