40 0.2265625000000001 0.7568359375 0.2119140625000001 0.7568359375 0.2119140625000001 0.78515625 0.2265625000000001 0.78515625
40 0.2441406250000001 0.7578125 0.2294921875000001 0.7578125 0.2294921875000001 0.7861328125 0.2441406250000001 0.7861328125
40 0.2617187500000001 0.755859375 0.2480468750000001 0.755859375 0.2480468750000001 0.7861328125 0.2617187500000001 0.7861328125
34 0.2890625000000001 0.755859375 0.2744140625000001 0.755859375 0.2744140625000001 0.7861328125 0.2890625000000001 0.7861328125
28 0.3066406250000001 0.7548828125 0.2910156250000001 0.7548828125 0.2910156250000001 0.78515625 0.3066406250000001 0.78515625
30 0.3242187500000001 0.7548828125 0.3115234375000001 0.7548828125 0.3115234375000001 0.78515625 0.3242187500000001 0.78515625
23 0.3437500000000001 0.7529296875 0.3291015625000001 0.7529296875 0.3291015625000001 0.7841796875 0.3437500000000001 0.7841796875
24 0.3740234375000001 0.7568359375 0.3593750000000001 0.7568359375 0.3593750000000001 0.7861328125 0.3740234375000001 0.7861328125
23 0.4003906250000001 0.751953125 0.3857421875000001 0.751953125 0.3857421875000001 0.7841796875 0.4003906250000001 0.7841796875
26 0.4208984375000001 0.751953125 0.4052734375000001 0.751953125 0.4052734375000001 0.7822265625 0.4208984375000001 0.7822265625
44 0.4414062500000001 0.7509765625 0.4257812500000001 0.7509765625 0.4257812500000001 0.7841796875 0.4414062500000001 0.7841796875
53 0.4628906250000001 0.751953125 0.4462890625000001 0.751953125 0.4462890625000001 0.7841796875 0.4628906250000001 0.7841796875
49 0.4843750000000001 0.7509765625 0.4667968750000001 0.7509765625 0.4667968750000001 0.783203125 0.4843750000000001 0.783203125
19 0.50390625 0.75 0.4873046875000001 0.75 0.4873046875000001 0.783203125 0.50390625 0.783203125
52 0.5263671875 0.7509765625 0.5087890625 0.7509765625 0.5087890625 0.78515625 0.5263671875 0.78515625
19 0.5576171875 0.75 0.541015625 0.75 0.541015625 0.7841796875 0.5576171875 0.7841796875
41 0.580078125 0.75 0.5634765625 0.75 0.5634765625 0.78515625 0.580078125 0.78515625
46 0.603515625 0.75 0.5869140625 0.75 0.5869140625 0.7841796875 0.603515625 0.7841796875
26 0.626953125 0.75 0.6083984375 0.75 0.6083984375 0.78515625 0.626953125 0.78515625
33 0.6513671875 0.75 0.6328125 0.75 0.6328125 0.78515625 0.6513671875 0.78515625
19 0.6748046875 0.7509765625 0.65625 0.7509765625 0.65625 0.7861328125 0.6748046875 0.7861328125
35 0.7001953125 0.7509765625 0.68359375 0.7509765625 0.68359375 0.7861328125 0.7001953125 0.7861328125
46 0.5517578125 0.7998046875 0.53515625 0.7998046875 0.53515625 0.833984375 0.5517578125 0.833984375
33 0.5302734375 0.798828125 0.513671875 0.798828125 0.513671875 0.833984375 0.5302734375 0.833984375
39 0.5087890625 0.798828125 0.4921875000000001 0.798828125 0.4921875000000001 0.83203125 0.5087890625 0.83203125
51 0.4873046875000001 0.7998046875 0.4707031250000001 0.7998046875 0.4707031250000001 0.833984375 0.4873046875000001 0.833984375
41 0.4648437500000001 0.7998046875 0.4501953125000001 0.7998046875 0.4501953125000001 0.83203125 0.4648437500000001 0.83203125
19 0.3017578125000001 0.7998046875 0.2871093750000001 0.7998046875 0.2871093750000001 0.830078125 0.3017578125000001 0.830078125
41 0.3173828125000001 0.7998046875 0.3037109375000001 0.7998046875 0.3037109375000001 0.8310546875 0.3173828125000001 0.8310546875
46 0.3369140625000001 0.7998046875 0.3232421875000001 0.7998046875 0.3232421875000001 0.8310546875 0.3369140625000001 0.8310546875
26 0.3554687500000001 0.7978515625 0.3427734375000001 0.7978515625 0.3427734375000001 0.8291015625 0.3554687500000001 0.8291015625
22 0.3750000000000001 0.798828125 0.3613281250000001 0.798828125 0.3613281250000001 0.830078125 0.3750000000000001 0.830078125
39 0.3955078125000001 0.798828125 0.3798828125000001 0.798828125 0.3798828125000001 0.830078125 0.3955078125000001 0.830078125
32 0.4169921875000001 0.7978515625 0.4013671875000001 0.7978515625 0.4013671875000001 0.83203125 0.4169921875000001 0.83203125
31 0.4365234375000001 0.7998046875 0.4199218750000001 0.7998046875 0.4199218750000001 0.83203125 0.4365234375000001 0.83203125
42 0.2207031250000001 0.84375 0.2050781250000001 0.84375 0.2050781250000001 0.875 0.2207031250000001 0.875
26 0.2382812500000001 0.84375 0.2236328125000001 0.84375 0.2236328125000001 0.875 0.2382812500000001 0.875
29 0.2548828125000001 0.8447265625 0.2412109375000001 0.8447265625 0.2412109375000001 0.875 0.2548828125000001 0.875
30 0.2724609375000001 0.8447265625 0.2597656250000001 0.8447265625 0.2597656250000001 0.8759765625 0.2724609375000001 0.8759765625
37 0.2910156250000001 0.845703125 0.2773437500000001 0.845703125 0.2773437500000001 0.875 0.2910156250000001 0.875
42 0.3183593750000001 0.845703125 0.3037109375000001 0.845703125 0.3037109375000001 0.8759765625 0.3183593750000001 0.8759765625
19 0.3369140625000001 0.845703125 0.3222656250000001 0.845703125 0.3222656250000001 0.8759765625 0.3369140625000001 0.8759765625
20 0.3554687500000001 0.845703125 0.3408203125000001 0.845703125 0.3408203125000001 0.875 0.3554687500000001 0.875
40 0.3750000000000001 0.8466796875 0.3603515625000001 0.8466796875 0.3603515625000001 0.876953125 0.3750000000000001 0.876953125
46 0.3945312500000001 0.8466796875 0.3808593750000001 0.8466796875 0.3808593750000001 0.876953125 0.3945312500000001 0.876953125
32 0.4150390625000001 0.8486328125 0.4003906250000001 0.8486328125 0.4003906250000001 0.87890625 0.4150390625000001 0.87890625
43 0.4423828125000001 0.8486328125 0.4287109375000001 0.8486328125 0.4287109375000001 0.87890625 0.4423828125000001 0.87890625
47 0.4960937500000001 0.8486328125 0.4804687500000001 0.8486328125 0.4804687500000001 0.8828125 0.4960937500000001 0.8828125
23 0.5712890625 0.8505859375 0.5537109375 0.8505859375 0.5537109375 0.8857421875 0.5712890625 0.8857421875
40 0.59375 0.8505859375 0.5771484375 0.8505859375 0.5771484375 0.88671875 0.59375 0.88671875
47 0.6767578125 0.853515625 0.658203125 0.853515625 0.658203125 0.8916015625 0.6767578125 0.8916015625
20 0.2597656250000001 0.888671875 0.2441406250000001 0.888671875 0.2441406250000001 0.919921875 0.2597656250000001 0.919921875
26 0.2753906250000001 0.8896484375 0.2617187500000001 0.8896484375 0.2617187500000001 0.919921875 0.2753906250000001 0.919921875
54 0.2949218750000001 0.8896484375 0.2802734375000001 0.8896484375 0.2802734375000001 0.9208984375 0.2949218750000001 0.9208984375
41 0.3193359375000001 0.8916015625 0.3066406250000001 0.8916015625 0.3066406250000001 0.921875 0.3193359375000001 0.921875
26 0.3398437500000001 0.890625 0.3251953125000001 0.890625 0.3251953125000001 0.921875 0.3398437500000001 0.921875
42 0.3593750000000001 0.8916015625 0.3437500000000001 0.8916015625 0.3437500000000001 0.9228515625 0.3593750000000001 0.9228515625
26 0.3779296875000001 0.8916015625 0.3623046875000001 0.8916015625 0.3623046875000001 0.923828125 0.3779296875000001 0.923828125
42 0.3974609375000001 0.892578125 0.3818359375000001 0.892578125 0.3818359375000001 0.9248046875 0.3974609375000001 0.9248046875
32 0.4179687500000001 0.8935546875 0.4023437500000001 0.8935546875 0.4023437500000001 0.92578125 0.4179687500000001 0.92578125
49 0.4384765625000001 0.89453125 0.4218750000000001 0.89453125 0.4218750000000001 0.927734375 0.4384765625000001 0.927734375
19 0.4570312500000001 0.89453125 0.4414062500000001 0.89453125 0.4414062500000001 0.927734375 0.4570312500000001 0.927734375
30 0.4873046875000001 0.8974609375 0.4726562500000001 0.8974609375 0.4726562500000001 0.9296875 0.4873046875000001 0.9296875
49 0.5205078125000001 0.8984375 0.50390625 0.8984375 0.5039062500000001 0.931640625 0.5205078125000002 0.931640625
32 0.5419921875000001 0.900390625 0.5244140625 0.900390625 0.5244140625000001 0.93359375 0.5419921875000002 0.93359375
50 0.5634765625000001 0.900390625 0.546875 0.900390625 0.5468750000000001 0.9345703125 0.5634765625000002 0.9345703125
40 0.5859375000000001 0.90234375 0.568359375 0.90234375 0.5683593750000001 0.935546875 0.5859375000000002 0.935546875
23 0.6083984375000001 0.90234375 0.5908203125 0.90234375 0.5908203125000001 0.9375 0.6083984375000002 0.9375
39 0.6328125000000001 0.9033203125 0.6142578125 0.9033203125 0.6142578125000001 0.9384765625 0.6328125000000002 0.9384765625
32 0.6572265625000001 0.90625 0.6376953125 0.90625 0.6376953125000001 0.94140625 0.6572265625000002 0.94140625
50 0.7050781250000002 0.91015625 0.6894531250000002 0.91015625 0.6894531250000002 0.9423828125 0.7050781250000002 0.9423828125