33 0.3281250000000001 0.5625 0.3183593750000001 0.5625 0.3183593750000001 0.580078125 0.3281250000000001 0.580078125
19 0.3388671875000001 0.5625 0.3291015625000001 0.5625 0.3291015625000001 0.5791015625 0.3388671875000001 0.5791015625
27 0.3476562500000001 0.5625 0.3398437500000001 0.5625 0.3398437500000001 0.580078125 0.3476562500000001 0.580078125
26 0.3583984375000001 0.5634765625 0.3496093750000001 0.5634765625 0.3496093750000001 0.5810546875 0.3583984375000001 0.5810546875
23 0.3691406250000001 0.5634765625 0.3603515625000001 0.5634765625 0.3603515625000001 0.580078125 0.3691406250000001 0.580078125
42 0.3798828125000001 0.5634765625 0.3710937500000001 0.5634765625 0.3710937500000001 0.580078125 0.3798828125000001 0.580078125
19 0.3886718750000001 0.5634765625 0.3808593750000001 0.5634765625 0.3808593750000001 0.580078125 0.3886718750000001 0.580078125
46 0.4052734375000001 0.564453125 0.3964843750000001 0.564453125 0.3964843750000001 0.5810546875 0.4052734375000001 0.5810546875
26 0.4150390625000001 0.564453125 0.4072265625000001 0.564453125 0.4072265625000001 0.58203125 0.4150390625000001 0.58203125
40 0.4267578125000001 0.564453125 0.4179687500000001 0.564453125 0.4179687500000001 0.5810546875 0.4267578125000001 0.5810546875
42 0.4375000000000001 0.564453125 0.4277343750000001 0.564453125 0.4277343750000001 0.58203125 0.4375000000000001 0.58203125
30 0.4482421875000001 0.5654296875 0.4394531250000001 0.5654296875 0.4394531250000001 0.58203125 0.4482421875000001 0.58203125
30 0.4589843750000001 0.5654296875 0.4501953125000001 0.5654296875 0.4501953125000001 0.58203125 0.4589843750000001 0.58203125
51 0.4746093750000001 0.5654296875 0.4658203125000001 0.5654296875 0.4658203125000001 0.5830078125 0.4746093750000001 0.5830078125
41 0.4853515625000001 0.5654296875 0.4765625000000001 0.5654296875 0.4765625000000001 0.5830078125 0.4853515625000001 0.5830078125
42 0.4970703125000001 0.5654296875 0.4873046875000001 0.5654296875 0.4873046875000001 0.5830078125 0.4970703125000001 0.5830078125
51 0.5078125 0.5654296875 0.4980468750000001 0.5654296875 0.4980468750000001 0.583984375 0.5078125 0.583984375
28 0.51953125 0.56640625 0.509765625 0.56640625 0.509765625 0.583984375 0.51953125 0.583984375
40 0.5302734375 0.56640625 0.521484375 0.56640625 0.521484375 0.583984375 0.5302734375 0.583984375
43 0.541015625 0.5673828125 0.5322265625 0.5673828125 0.5322265625 0.5849609375 0.541015625 0.5849609375
46 0.552734375 0.5673828125 0.54296875 0.5673828125 0.54296875 0.5849609375 0.552734375 0.5849609375
30 0.5634765625 0.5673828125 0.5546875 0.5673828125 0.5546875 0.5849609375 0.5634765625 0.5849609375