33 0.4150390625000001 0.787109375 0.4062500000000001 0.787109375 0.4062500000000001 0.8017578125 0.4150390625000001 0.8017578125
40 0.4238281250000001 0.7861328125 0.4160156250000001 0.7861328125 0.4160156250000001 0.8017578125 0.4238281250000001 0.8017578125
37 0.4335937500000001 0.7861328125 0.4248046875000001 0.7861328125 0.4248046875000001 0.80078125 0.4335937500000001 0.80078125
41 0.4423828125000001 0.78515625 0.4345703125000001 0.78515625 0.4345703125000001 0.7998046875 0.4423828125000001 0.7998046875
38 0.4511718750000001 0.7841796875 0.4443359375000001 0.7841796875 0.4443359375000001 0.798828125 0.4511718750000001 0.798828125
48 0.4609375000000001 0.7841796875 0.4531250000000001 0.7841796875 0.4531250000000001 0.798828125 0.4609375000000001 0.798828125
46 0.4697265625000001 0.783203125 0.4619140625000001 0.783203125 0.4619140625000001 0.7978515625 0.4697265625000001 0.7978515625
26 0.4794921875000001 0.7822265625 0.4716796875000001 0.7822265625 0.4716796875000001 0.796875 0.4794921875000001 0.796875
42 0.4882812500000001 0.7822265625 0.4804687500000001 0.7822265625 0.4804687500000001 0.7958984375 0.4882812500000001 0.7958984375
39 0.4970703125000001 0.78125 0.4892578125000001 0.78125 0.4892578125000001 0.7958984375 0.4970703125000001 0.7958984375
32 0.5068359375 0.7802734375 0.4990234375000001 0.7802734375 0.4990234375000001 0.7939453125 0.5068359375 0.7939453125
31 0.515625 0.779296875 0.5078125 0.779296875 0.5078125 0.79296875 0.515625 0.79296875
33 0.529296875 0.7783203125 0.5205078125 0.7783203125 0.5205078125 0.79296875 0.529296875 0.79296875
36 0.5390625 0.77734375 0.5302734375 0.77734375 0.5302734375 0.7919921875 0.5390625 0.7919921875
19 0.546875 0.77734375 0.5390625 0.77734375 0.5390625 0.7919921875 0.546875 0.7919921875
43 0.556640625 0.775390625 0.548828125 0.775390625 0.548828125 0.791015625 0.556640625 0.791015625
43 0.5654296875 0.7744140625 0.556640625 0.7744140625 0.556640625 0.7900390625 0.5654296875 0.7900390625
51 0.3564453125000001 0.8115234375 0.3476562500000001 0.8115234375 0.3476562500000001 0.826171875 0.3564453125000001 0.826171875
22 0.3652343750000001 0.810546875 0.3564453125000001 0.810546875 0.3564453125000001 0.8251953125 0.3652343750000001 0.8251953125
26 0.3750000000000001 0.8095703125 0.3662109375000001 0.8095703125 0.3662109375000001 0.8251953125 0.3750000000000001 0.8251953125
20 0.3837890625000001 0.8095703125 0.3750000000000001 0.8095703125 0.3750000000000001 0.82421875 0.3837890625000001 0.82421875
39 0.3925781250000001 0.80859375 0.3847656250000001 0.80859375 0.3847656250000001 0.8232421875 0.3925781250000001 0.8232421875
19 0.4023437500000001 0.8076171875 0.3945312500000001 0.8076171875 0.3945312500000001 0.822265625 0.4023437500000001 0.822265625
52 0.4121093750000001 0.806640625 0.4033203125000001 0.806640625 0.4033203125000001 0.822265625 0.4121093750000001 0.822265625
19 0.4248046875000001 0.806640625 0.4169921875000001 0.806640625 0.4169921875000001 0.8203125 0.4248046875000001 0.8203125
51 0.4345703125000001 0.8056640625 0.4267578125000001 0.8056640625 0.4267578125000001 0.8193359375 0.4345703125000001 0.8193359375
23 0.4433593750000001 0.8046875 0.4355468750000001 0.8046875 0.4355468750000001 0.8193359375 0.4433593750000001 0.8193359375
30 0.4521484375000001 0.8037109375 0.4443359375000001 0.8037109375 0.4443359375000001 0.8193359375 0.4521484375000001 0.8193359375
46 0.4609375000000001 0.802734375 0.4541015625000001 0.802734375 0.4541015625000001 0.8173828125 0.4609375000000001 0.8173828125
40 0.4697265625000001 0.802734375 0.4628906250000001 0.802734375 0.4628906250000001 0.81640625 0.4697265625000001 0.81640625
42 0.4794921875000001 0.8017578125 0.4716796875000001 0.8017578125 0.4716796875000001 0.81640625 0.4794921875000001 0.81640625
30 0.4892578125000001 0.80078125 0.4814453125000001 0.80078125 0.4814453125000001 0.8154296875 0.4892578125000001 0.8154296875
52 0.4980468750000001 0.7998046875 0.4902343750000001 0.7998046875 0.4902343750000001 0.814453125 0.4980468750000001 0.814453125
23 0.5107421875 0.798828125 0.50390625 0.798828125 0.50390625 0.8134765625 0.5107421875 0.8134765625
36 0.5205078125 0.7978515625 0.5126953125 0.7978515625 0.5126953125 0.8125 0.5205078125 0.8125
52 0.529296875 0.7978515625 0.521484375 0.7978515625 0.521484375 0.8115234375 0.529296875 0.8115234375
41 0.5419921875 0.7958984375 0.5341796875 0.7958984375 0.5341796875 0.810546875 0.5419921875 0.810546875
42 0.5517578125 0.7958984375 0.5439453125 0.7958984375 0.5439453125 0.8095703125 0.5517578125 0.8095703125
40 0.560546875 0.794921875 0.552734375 0.794921875 0.552734375 0.80859375 0.560546875 0.80859375
49 0.5693359375 0.7939453125 0.5615234375 0.7939453125 0.5615234375 0.8076171875 0.5693359375 0.8076171875
26 0.578125 0.79296875 0.5703125 0.79296875 0.5703125 0.8076171875 0.578125 0.8076171875
23 0.5869140625 0.7919921875 0.5791015625 0.7919921875 0.5791015625 0.806640625 0.5869140625 0.806640625
26 0.595703125 0.791015625 0.587890625 0.791015625 0.587890625 0.806640625 0.595703125 0.806640625
39 0.60546875 0.791015625 0.5966796875 0.791015625 0.5966796875 0.8046875 0.60546875 0.8046875
30 0.6142578125 0.7900390625 0.6064453125 0.7900390625 0.6064453125 0.8046875 0.6142578125 0.8046875
52 0.623046875 0.7890625 0.6142578125 0.7890625 0.6142578125 0.8037109375 0.623046875 0.8037109375
36 0.2675781250000001 0.837890625 0.2578125000000001 0.837890625 0.2578125000000001 0.8525390625 0.2675781250000001 0.8525390625
19 0.2763671875000001 0.837890625 0.2675781250000001 0.837890625 0.2675781250000001 0.8515625 0.2763671875000001 0.8515625
20 0.2861328125000001 0.8369140625 0.2763671875000001 0.8369140625 0.2763671875000001 0.8515625 0.2861328125000001 0.8515625
40 0.2939453125000001 0.8369140625 0.2861328125000001 0.8369140625 0.2861328125000001 0.8505859375 0.2939453125000001 0.8505859375
42 0.3046875000000001 0.8359375 0.2958984375000001 0.8359375 0.2958984375000001 0.849609375 0.3046875000000001 0.849609375
19 0.3125000000000001 0.833984375 0.3046875000000001 0.833984375 0.3046875000000001 0.8486328125 0.3125000000000001 0.8486328125
46 0.3222656250000001 0.833984375 0.3134765625000001 0.833984375 0.3134765625000001 0.8486328125 0.3222656250000001 0.8486328125
40 0.3320312500000001 0.8330078125 0.3242187500000001 0.8330078125 0.3242187500000001 0.8466796875 0.3320312500000001 0.8466796875
42 0.3408203125000001 0.83203125 0.3330078125000001 0.83203125 0.3330078125000001 0.8466796875 0.3408203125000001 0.8466796875
39 0.3505859375000001 0.8310546875 0.3417968750000001 0.8310546875 0.3417968750000001 0.845703125 0.3505859375000001 0.845703125
32 0.3593750000000001 0.830078125 0.3515625000000001 0.830078125 0.3515625000000001 0.8447265625 0.3593750000000001 0.8447265625
50 0.3681640625000001 0.830078125 0.3603515625000001 0.830078125 0.3603515625000001 0.84375 0.3681640625000001 0.84375
55 0.3779296875000001 0.830078125 0.3691406250000001 0.830078125 0.3691406250000001 0.84375 0.3779296875000001 0.84375
41 0.3916015625000001 0.828125 0.3837890625000001 0.828125 0.3837890625000001 0.8427734375 0.3916015625000001 0.8427734375
42 0.4013671875000001 0.8271484375 0.3925781250000001 0.8271484375 0.3925781250000001 0.841796875 0.4013671875000001 0.841796875
19 0.4091796875000001 0.8271484375 0.4013671875000001 0.8271484375 0.4013671875000001 0.8408203125 0.4091796875000001 0.8408203125
33 0.4199218750000001 0.826171875 0.4101562500000001 0.826171875 0.4101562500000001 0.83984375 0.4199218750000001 0.83984375
46 0.4287109375000001 0.8251953125 0.4208984375000001 0.8251953125 0.4208984375000001 0.83984375 0.4287109375000001 0.83984375
30 0.4375000000000001 0.82421875 0.4287109375000001 0.82421875 0.4287109375000001 0.837890625 0.4375000000000001 0.837890625
22 0.4462890625000001 0.8232421875 0.4384765625000001 0.8232421875 0.4384765625000001 0.837890625 0.4462890625000001 0.837890625
26 0.4550781250000001 0.822265625 0.4472656250000001 0.822265625 0.4472656250000001 0.8369140625 0.4550781250000001 0.8369140625
43 0.4648437500000001 0.822265625 0.4560546875000001 0.822265625 0.4560546875000001 0.8369140625 0.4648437500000001 0.8369140625
33 0.4746093750000001 0.8212890625 0.4658203125000001 0.8212890625 0.4658203125000001 0.8349609375 0.4746093750000001 0.8349609375
30 0.4824218750000001 0.8203125 0.4746093750000001 0.8203125 0.4746093750000001 0.833984375 0.4824218750000001 0.833984375
50 0.4921875000000001 0.8193359375 0.4833984375000001 0.8193359375 0.4833984375000001 0.833984375 0.4921875000000001 0.833984375
30 0.5048828125 0.818359375 0.4970703125000001 0.818359375 0.4970703125000001 0.8330078125 0.5048828125 0.8330078125
43 0.5185546875 0.8173828125 0.509765625 0.8173828125 0.509765625 0.83203125 0.5185546875 0.83203125
19 0.52734375 0.81640625 0.51953125 0.81640625 0.51953125 0.8310546875 0.52734375 0.8310546875
37 0.5361328125 0.8154296875 0.5283203125 0.8154296875 0.5283203125 0.830078125 0.5361328125 0.830078125
40 0.544921875 0.814453125 0.537109375 0.814453125 0.537109375 0.8291015625 0.544921875 0.8291015625
43 0.5546875 0.814453125 0.5458984375 0.814453125 0.5458984375 0.8291015625 0.5546875 0.8291015625
46 0.5634765625 0.8134765625 0.5556640625 0.8134765625 0.5556640625 0.828125 0.5634765625 0.828125
40 0.572265625 0.8125 0.564453125 0.8125 0.564453125 0.826171875 0.572265625 0.826171875
52 0.5810546875 0.8115234375 0.5732421875 0.8115234375 0.5732421875 0.826171875 0.5810546875 0.826171875
46 0.58984375 0.810546875 0.58203125 0.810546875 0.58203125 0.8251953125 0.58984375 0.8251953125
26 0.5986328125 0.810546875 0.5908203125 0.810546875 0.5908203125 0.8251953125 0.5986328125 0.8251953125
36 0.6083984375 0.8095703125 0.6005859375 0.8095703125 0.6005859375 0.8232421875 0.6083984375 0.8232421875
38 0.6162109375 0.80859375 0.6083984375 0.80859375 0.6083984375 0.822265625 0.6162109375 0.822265625
39 0.625 0.8076171875 0.6171875 0.8076171875 0.6171875 0.8212890625 0.625 0.8212890625
32 0.6337890625 0.806640625 0.6259765625 0.806640625 0.6259765625 0.8212890625 0.6337890625 0.8212890625
50 0.642578125 0.806640625 0.634765625 0.806640625 0.634765625 0.8212890625 0.642578125 0.8212890625
54 0.6552734375 0.8056640625 0.6474609375 0.8056640625 0.6474609375 0.8193359375 0.6552734375 0.8193359375
19 0.6650390625 0.8037109375 0.6572265625 0.8037109375 0.6572265625 0.818359375 0.6650390625 0.818359375
39 0.6728515625 0.8037109375 0.6650390625 0.8037109375 0.6650390625 0.818359375 0.6728515625 0.818359375
52 0.681640625 0.802734375 0.673828125 0.802734375 0.673828125 0.8173828125 0.681640625 0.8173828125
46 0.6904296875 0.8017578125 0.6826171875 0.8017578125 0.6826171875 0.81640625 0.6904296875 0.81640625
30 0.69921875 0.80078125 0.69140625 0.80078125 0.69140625 0.8154296875 0.69921875 0.8154296875
31 0.7080078125 0.7998046875 0.7001953125 0.7998046875 0.7001953125 0.814453125 0.7080078125 0.814453125