49 0.3916015625000001 0.5947265625 0.3808593750000001 0.5947265625 0.3808593750000001 0.6162109375 0.3916015625000001 0.6162109375
32 0.4072265625000001 0.59375 0.3964843750000001 0.59375 0.3964843750000001 0.6162109375 0.4072265625000001 0.6162109375
54 0.4238281250000001 0.5947265625 0.4121093750000001 0.5947265625 0.4121093750000001 0.6162109375 0.4238281250000001 0.6162109375
40 0.4384765625000001 0.59375 0.4267578125000001 0.59375 0.4267578125000001 0.6142578125 0.4384765625000001 0.6142578125
49 0.4541015625000001 0.591796875 0.4423828125000001 0.591796875 0.4423828125000001 0.61328125 0.4541015625000001 0.61328125
41 0.4843750000000001 0.5908203125 0.4736328125000001 0.5908203125 0.4736328125000001 0.6123046875 0.4843750000000001 0.6123046875
26 0.4990234375000001 0.5908203125 0.4882812500000001 0.5908203125 0.4882812500000001 0.611328125 0.4990234375000001 0.611328125
42 0.513671875 0.58984375 0.5029296875 0.58984375 0.5029296875 0.609375 0.513671875 0.609375
43 0.5283203125 0.587890625 0.517578125 0.587890625 0.517578125 0.609375 0.5283203125 0.609375
40 0.54296875 0.587890625 0.5322265625 0.587890625 0.5322265625 0.607421875 0.54296875 0.607421875
39 0.5576171875 0.5859375 0.546875 0.5859375 0.546875 0.6064453125 0.5576171875 0.6064453125
19 0.5732421875 0.5849609375 0.5625 0.5849609375 0.5625 0.6064453125 0.5732421875 0.6064453125
36 0.5869140625 0.583984375 0.5751953125 0.583984375 0.5751953125 0.6044921875 0.5869140625 0.6044921875
19 0.6005859375 0.583984375 0.5908203125 0.583984375 0.5908203125 0.6044921875 0.6005859375 0.6044921875
47 0.6142578125 0.5810546875 0.6044921875 0.5810546875 0.6044921875 0.6015625 0.6142578125 0.6015625
41 0.3925781250000001 0.626953125 0.3818359375000001 0.626953125 0.3818359375000001 0.6474609375 0.3925781250000001 0.6474609375
40 0.4072265625000001 0.6259765625 0.3964843750000001 0.6259765625 0.3964843750000001 0.646484375 0.4072265625000001 0.646484375
23 0.4228515625000001 0.6240234375 0.4121093750000001 0.6240234375 0.4121093750000001 0.6455078125 0.4228515625000001 0.6455078125
54 0.4531250000000001 0.623046875 0.4423828125000001 0.623046875 0.4423828125000001 0.6435546875 0.4531250000000001 0.6435546875
39 0.4687500000000001 0.6220703125 0.4580078125000001 0.6220703125 0.4580078125000001 0.6416015625 0.4687500000000001 0.6416015625
19 0.4833984375000001 0.62109375 0.4736328125000001 0.62109375 0.4736328125000001 0.6416015625 0.4833984375000001 0.6416015625
33 0.4980468750000001 0.6201171875 0.4873046875000001 0.6201171875 0.4873046875000001 0.6396484375 0.4980468750000001 0.6396484375
40 0.513671875 0.619140625 0.5029296875 0.619140625 0.5029296875 0.638671875 0.513671875 0.638671875
37 0.5283203125 0.6171875 0.517578125 0.6171875 0.517578125 0.6376953125 0.5283203125 0.6376953125