49 0.4169921875000001 0.541015625 0.4072265625000001 0.541015625 0.4072265625000001 0.55859375 0.4169921875000001 0.55859375
32 0.4296875000000001 0.54296875 0.4199218750000001 0.54296875 0.4199218750000001 0.560546875 0.4296875000000001 0.560546875
54 0.4423828125000001 0.54296875 0.4316406250000001 0.54296875 0.4316406250000001 0.560546875 0.4423828125000001 0.560546875
40 0.4541015625000001 0.5439453125 0.4443359375000001 0.5439453125 0.4443359375000001 0.5615234375 0.4541015625000001 0.5615234375
49 0.4677734375000001 0.544921875 0.4580078125000001 0.544921875 0.4580078125000001 0.5625 0.4677734375000001 0.5625
41 0.4941406250000001 0.5458984375 0.4843750000000001 0.5458984375 0.4843750000000001 0.5625 0.4941406250000001 0.5625
26 0.5068359375 0.5458984375 0.4970703125000001 0.5458984375 0.4970703125000001 0.5654296875 0.5068359375 0.5654296875
42 0.5205078125 0.546875 0.5107421875 0.546875 0.5107421875 0.564453125 0.5205078125 0.564453125
43 0.5341796875 0.546875 0.5244140625 0.546875 0.5244140625 0.564453125 0.5341796875 0.564453125
40 0.5478515625 0.5478515625 0.537109375 0.5478515625 0.537109375 0.5654296875 0.5478515625 0.5654296875
39 0.5615234375 0.5478515625 0.5517578125 0.5478515625 0.5517578125 0.5654296875 0.5615234375 0.5654296875
19 0.5751953125 0.5478515625 0.5654296875 0.5478515625 0.5654296875 0.56640625 0.5751953125 0.56640625
36 0.5888671875 0.5478515625 0.5791015625 0.5478515625 0.5791015625 0.56640625 0.5888671875 0.56640625
19 0.6025390625 0.5478515625 0.5927734375 0.5478515625 0.5927734375 0.56640625 0.6025390625 0.56640625
47 0.6181640625 0.5478515625 0.607421875 0.5478515625 0.607421875 0.56640625 0.6181640625 0.56640625
41 0.4179687500000001 0.5654296875 0.4082031250000001 0.5654296875 0.4082031250000001 0.5830078125 0.4179687500000001 0.5830078125
40 0.4316406250000001 0.56640625 0.4218750000000001 0.56640625 0.4218750000000001 0.5830078125 0.4316406250000001 0.5830078125
23 0.4443359375000001 0.5673828125 0.4345703125000001 0.5673828125 0.4345703125000001 0.5869140625 0.4443359375000001 0.5869140625
54 0.4697265625000001 0.568359375 0.4599609375000001 0.568359375 0.4599609375000001 0.5859375 0.4697265625000001 0.5859375
39 0.4824218750000001 0.5693359375 0.4726562500000001 0.5693359375 0.4726562500000001 0.5869140625 0.4824218750000001 0.5869140625
19 0.4941406250000001 0.5693359375 0.4853515625000001 0.5693359375 0.4853515625000001 0.5869140625 0.4941406250000001 0.5869140625
33 0.5087890625 0.5703125 0.4990234375000001 0.5703125 0.4990234375000001 0.587890625 0.5087890625 0.587890625
40 0.521484375 0.5703125 0.51171875 0.5703125 0.51171875 0.587890625 0.521484375 0.587890625
37 0.53515625 0.5712890625 0.525390625 0.5712890625 0.525390625 0.587890625 0.53515625 0.587890625