33 0.40234375 0.4228515625 0.3916015625 0.4228515625 0.3916015625 0.4423828125 0.40234375 0.4423828125
19 0.4150390625 0.423828125 0.4052734375 0.423828125 0.4052734375 0.4423828125 0.4150390625 0.4423828125
27 0.4267578125 0.4248046875 0.4169921875 0.4248046875 0.4169921875 0.4443359375 0.4267578125 0.4443359375
26 0.4384765625 0.42578125 0.4287109375 0.42578125 0.4287109375 0.447265625 0.4384765625 0.447265625
23 0.4501953125 0.427734375 0.44140625 0.427734375 0.44140625 0.447265625 0.4501953125 0.447265625
42 0.4619140625 0.42871093750000006 0.4521484375 0.4287109375 0.4521484375 0.44921875000000006 0.4619140625 0.4492187500000001
19 0.474609375 0.4306640625000001 0.46484375 0.4306640625000001 0.46484375 0.4501953125000001 0.474609375 0.4501953125000001
46 0.4912109375 0.4326171875000001 0.4814453125 0.4326171875000001 0.4814453125 0.4521484375000001 0.4912109375 0.4521484375000001
26 0.501953125 0.4335937500000001 0.4921875 0.4335937500000001 0.4921875 0.4531250000000001 0.501953125 0.4531250000000001
40 0.5126953125 0.4345703125000001 0.50390625 0.4345703125000001 0.50390625 0.4541015625000001 0.5126953125 0.4541015625000001
42 0.5244140625 0.4355468750000001 0.5146484375 0.4355468750000001 0.5146484375 0.4541015625000001 0.5244140625 0.4541015625000001
30 0.5361328125 0.4375000000000001 0.5263671875 0.4375000000000001 0.5263671875 0.4550781250000001 0.5361328125 0.4550781250000001
30 0.546875 0.4384765625000001 0.537109375 0.4384765625000001 0.537109375 0.4570312500000001 0.546875 0.4570312500000001
51 0.5625 0.4394531250000001 0.552734375 0.4394531250000001 0.552734375 0.4589843750000001 0.5625 0.4589843750000001
41 0.57421875 0.4414062500000001 0.564453125 0.4414062500000001 0.564453125 0.4599609375000001 0.57421875 0.4599609375000001
42 0.5849609375 0.4423828125000001 0.5751953125 0.4423828125000001 0.5751953125 0.4609375000000001 0.5849609375 0.4609375000000001
51 0.5947265625 0.4433593750000001 0.5849609375 0.4433593750000001 0.5849609375 0.4619140625000001 0.5947265625 0.4619140625000001
28 0.60546875 0.4433593750000001 0.595703125 0.4433593750000001 0.595703125 0.4628906250000001 0.60546875 0.4628906250000001
40 0.615234375 0.4453125000000001 0.6064453125 0.4453125000000001 0.6064453125 0.4638671875000001 0.615234375 0.4638671875000001
43 0.6259765625 0.4462890625000001 0.6162109375 0.4462890625000001 0.6162109375 0.4648437500000001 0.6259765625 0.4648437500000001
46 0.63671875 0.4472656250000001 0.6259765625 0.4472656250000001 0.6259765625 0.4667968750000001 0.63671875 0.4667968750000001
30 0.6455078125 0.4482421875000001 0.6376953125 0.4482421875000001 0.6376953125 0.4658203125000001 0.6455078125 0.4658203125000001