49 0.3593750000000001 0.67578125 0.3486328125000001 0.67578125 0.3486328125000001 0.6962890625 0.3593750000000001 0.6962890625
32 0.3759765625000001 0.6748046875 0.3642578125000001 0.6748046875 0.3642578125000001 0.697265625 0.3759765625000001 0.697265625
54 0.3916015625000001 0.6748046875 0.3798828125000001 0.6748046875 0.3798828125000001 0.697265625 0.3916015625000001 0.697265625
40 0.4082031250000001 0.67578125 0.3955078125000001 0.67578125 0.3955078125000001 0.697265625 0.4082031250000001 0.697265625
49 0.4238281250000001 0.6767578125 0.4121093750000001 0.6767578125 0.4121093750000001 0.697265625 0.4238281250000001 0.697265625
41 0.4550781250000001 0.67578125 0.4443359375000001 0.67578125 0.4443359375000001 0.697265625 0.4550781250000001 0.697265625
26 0.4716796875000001 0.67578125 0.4599609375000001 0.67578125 0.4599609375000001 0.697265625 0.4716796875000001 0.697265625
42 0.4863281250000001 0.67578125 0.4746093750000001 0.67578125 0.4746093750000001 0.6962890625 0.4863281250000001 0.6962890625
43 0.5029296875 0.6748046875 0.4912109375000001 0.6748046875 0.4912109375000001 0.6953125 0.5029296875 0.6953125
40 0.517578125 0.6748046875 0.5068359375 0.6748046875 0.5068359375 0.6953125 0.517578125 0.6953125
39 0.5341796875 0.673828125 0.5224609375 0.673828125 0.5224609375 0.6953125 0.5341796875 0.6953125
19 0.5498046875 0.673828125 0.5380859375 0.673828125 0.5380859375 0.6953125 0.5498046875 0.6953125
36 0.5654296875 0.673828125 0.5537109375 0.673828125 0.5537109375 0.6943359375 0.5654296875 0.6943359375
19 0.5791015625 0.6728515625 0.5693359375 0.6728515625 0.5693359375 0.6943359375 0.5791015625 0.6943359375
47 0.5947265625 0.6708984375 0.5830078125 0.6708984375 0.5830078125 0.693359375 0.5947265625 0.693359375
41 0.3603515625000001 0.705078125 0.3486328125000001 0.705078125 0.3486328125000001 0.7265625 0.3603515625000001 0.7265625
40 0.3769531250000001 0.705078125 0.3652343750000001 0.705078125 0.3652343750000001 0.7255859375 0.3769531250000001 0.7255859375
23 0.3925781250000001 0.705078125 0.3808593750000001 0.705078125 0.3808593750000001 0.7275390625 0.3925781250000001 0.7275390625
54 0.4238281250000001 0.705078125 0.4121093750000001 0.705078125 0.4121093750000001 0.7265625 0.4238281250000001 0.7265625
39 0.4404296875000001 0.7041015625 0.4287109375000001 0.7041015625 0.4287109375000001 0.7255859375 0.4404296875000001 0.7255859375
19 0.4550781250000001 0.7041015625 0.4443359375000001 0.7041015625 0.4443359375000001 0.724609375 0.4550781250000001 0.724609375
33 0.4716796875000001 0.7041015625 0.4599609375000001 0.7041015625 0.4599609375000001 0.724609375 0.4716796875000001 0.724609375
40 0.4863281250000001 0.703125 0.4746093750000001 0.703125 0.4746093750000001 0.724609375 0.4863281250000001 0.724609375
37 0.5029296875 0.703125 0.4902343750000001 0.703125 0.4902343750000001 0.724609375 0.5029296875 0.724609375