49 0.4404296875 0.3173828125 0.427734375 0.3173828125 0.427734375 0.34375 0.4404296875 0.34375
32 0.45703125 0.31738281250000006 0.4443359375 0.3173828125 0.4443359375 0.34472656250000006 0.45703125 0.3447265625000001
54 0.474609375 0.3183593750000001 0.4619140625 0.3183593750000001 0.4619140625 0.3447265625000001 0.474609375 0.3447265625000001
40 0.4921875 0.3183593750000001 0.4794921875 0.3183593750000001 0.4794921875 0.3457031250000001 0.4921875 0.3457031250000001
49 0.5078125 0.3193359375000001 0.49609375 0.3193359375000001 0.49609375 0.3466796875000001 0.5078125 0.3466796875000001
41 0.5419921875 0.3212890625000001 0.529296875 0.3212890625000001 0.529296875 0.3466796875000001 0.5419921875 0.3466796875000001
26 0.55859375 0.3222656250000001 0.546875 0.3222656250000001 0.546875 0.3476562500000001 0.55859375 0.3476562500000001
42 0.5751953125 0.3222656250000001 0.5634765625 0.3222656250000001 0.5634765625 0.3486328125000001 0.5751953125 0.3486328125000001
43 0.5927734375 0.3232421875000001 0.580078125 0.3232421875000001 0.580078125 0.3486328125000001 0.5927734375 0.3486328125000001
40 0.609375 0.3232421875000001 0.5966796875 0.3232421875000001 0.5966796875 0.3496093750000001 0.609375 0.3496093750000001
39 0.6259765625 0.3251953125000001 0.6142578125 0.3251953125000001 0.6142578125 0.3505859375000001 0.6259765625 0.3505859375000001
19 0.642578125 0.3251953125000001 0.6298828125 0.3251953125000001 0.6298828125 0.3505859375000001 0.642578125 0.3505859375000001
36 0.6591796875 0.3261718750000001 0.646484375 0.3261718750000001 0.646484375 0.3505859375000001 0.6591796875 0.3505859375000001
19 0.67578125 0.3251953125000001 0.6630859375 0.3251953125000001 0.6630859375 0.3515625000000001 0.67578125 0.3515625000000001
47 0.6923828125 0.3271484375000001 0.6806640625 0.3271484375000001 0.6806640625 0.3525390625000001 0.6923828125 0.3525390625000001
41 0.4404296875 0.353515625 0.4267578125 0.353515625 0.4267578125 0.380859375 0.4404296875 0.380859375
40 0.45703125 0.35546875000000006 0.4443359375 0.35546875 0.4443359375 0.38183593750000006 0.45703125 0.3818359375000001
23 0.4736328125 0.3564453125000001 0.4609375 0.3564453125000001 0.4609375 0.3828125000000001 0.4736328125 0.3828125000000001
54 0.5068359375 0.3574218750000001 0.4951171875 0.3574218750000001 0.4951171875 0.3837890625000001 0.5068359375 0.3837890625000001
39 0.5244140625 0.3583984375000001 0.5107421875 0.3583984375000001 0.5107421875 0.3847656250000001 0.5244140625 0.3847656250000001
19 0.5400390625 0.3583984375000001 0.5283203125 0.3583984375000001 0.5283203125 0.3837890625000001 0.5400390625 0.3837890625000001
33 0.556640625 0.3603515625000001 0.544921875 0.3603515625000001 0.544921875 0.3857421875000001 0.556640625 0.3857421875000001
40 0.57421875 0.3603515625000001 0.5615234375 0.3603515625000001 0.5615234375 0.3857421875000001 0.57421875 0.3857421875000001
37 0.591796875 0.3603515625000001 0.578125 0.3603515625000001 0.578125 0.3867187500000001 0.591796875 0.3867187500000001