49 0.40234375 0.384765625 0.3916015625 0.384765625 0.3916015625 0.4072265625 0.40234375 0.4072265625
32 0.4169921875 0.384765625 0.4052734375 0.384765625 0.4052734375 0.4072265625 0.4169921875 0.4072265625
54 0.4306640625 0.384765625 0.4189453125 0.384765625 0.4189453125 0.4072265625 0.4306640625 0.4072265625
40 0.4443359375 0.384765625 0.43359375 0.384765625 0.43359375 0.4072265625 0.4443359375 0.4072265625
49 0.458984375 0.38378906250000006 0.447265625 0.3837890625 0.447265625 0.40625000000000006 0.458984375 0.4062500000000001
41 0.486328125 0.3828125000000001 0.4755859375 0.3828125000000001 0.4755859375 0.4052734375000001 0.486328125 0.4052734375000001
26 0.5009765625 0.3828125000000001 0.490234375 0.3828125000000001 0.490234375 0.4052734375000001 0.5009765625 0.4052734375000001
42 0.515625 0.3828125000000001 0.50390625 0.3828125000000001 0.50390625 0.4052734375000001 0.515625 0.4052734375000001
43 0.529296875 0.3818359375000001 0.5185546875 0.3818359375000001 0.5185546875 0.4052734375000001 0.529296875 0.4052734375000001
40 0.5439453125 0.3818359375000001 0.533203125 0.3818359375000001 0.533203125 0.4042968750000001 0.5439453125 0.4042968750000001
39 0.55859375 0.3808593750000001 0.5478515625 0.3808593750000001 0.5478515625 0.4042968750000001 0.55859375 0.4042968750000001
19 0.5732421875 0.3818359375000001 0.5625 0.3818359375000001 0.5625 0.4033203125000001 0.5732421875 0.4033203125000001
36 0.587890625 0.3808593750000001 0.576171875 0.3808593750000001 0.576171875 0.4033203125000001 0.587890625 0.4033203125000001
19 0.6025390625 0.3798828125000001 0.591796875 0.3798828125000001 0.591796875 0.4023437500000001 0.6025390625 0.4023437500000001
47 0.6171875 0.3808593750000001 0.6064453125 0.3808593750000001 0.6064453125 0.4023437500000001 0.6171875 0.4023437500000001
41 0.4033203125 0.416015625 0.392578125 0.416015625 0.392578125 0.4384765625 0.4033203125 0.4384765625
40 0.4169921875 0.4150390625 0.40625 0.4150390625 0.40625 0.4384765625 0.4169921875 0.4384765625
23 0.4306640625 0.4150390625 0.419921875 0.4150390625 0.419921875 0.4384765625 0.4306640625 0.4384765625
54 0.458984375 0.41503906250000006 0.4482421875 0.4150390625 0.4482421875 0.43750000000000006 0.458984375 0.4375000000000001
39 0.4736328125 0.4150390625000001 0.462890625 0.4150390625000001 0.462890625 0.4375000000000001 0.4736328125 0.4375000000000001
19 0.4873046875 0.4150390625000001 0.4765625 0.4150390625000001 0.4765625 0.4375000000000001 0.4873046875 0.4375000000000001
33 0.501953125 0.4150390625000001 0.4912109375 0.4150390625000001 0.4912109375 0.4375000000000001 0.501953125 0.4375000000000001
40 0.515625 0.4140625000000001 0.5048828125 0.4140625000000001 0.5048828125 0.4365234375000001 0.515625 0.4365234375000001
37 0.5302734375 0.4140625000000001 0.51953125 0.4140625000000001 0.51953125 0.4365234375000001 0.5302734375 0.4365234375000001