33 0.3935546875000001 0.654296875 0.3828125000000001 0.654296875 0.3828125000000001 0.6728515625 0.3935546875000001 0.6728515625
19 0.4042968750000001 0.654296875 0.3945312500000001 0.654296875 0.3945312500000001 0.6728515625 0.4042968750000001 0.6728515625
27 0.4160156250000001 0.6552734375 0.4062500000000001 0.6552734375 0.4062500000000001 0.673828125 0.4160156250000001 0.673828125
26 0.4277343750000001 0.6552734375 0.4169921875000001 0.6552734375 0.4169921875000001 0.67578125 0.4277343750000001 0.67578125
23 0.4394531250000001 0.65625 0.4287109375000001 0.65625 0.4287109375000001 0.677734375 0.4394531250000001 0.677734375
42 0.4511718750000001 0.6572265625 0.4404296875000001 0.6572265625 0.4404296875000001 0.6767578125 0.4511718750000001 0.6767578125
19 0.4628906250000001 0.658203125 0.4521484375000001 0.658203125 0.4521484375000001 0.677734375 0.4628906250000001 0.677734375
46 0.4794921875000001 0.66015625 0.4697265625000001 0.66015625 0.4697265625000001 0.6787109375 0.4794921875000001 0.6787109375
26 0.4921875000000001 0.6611328125 0.4824218750000001 0.6611328125 0.4824218750000001 0.6806640625 0.4921875000000001 0.6806640625
40 0.50390625 0.6611328125 0.4931640625000001 0.6611328125 0.4931640625000001 0.6806640625 0.50390625 0.6806640625
42 0.515625 0.662109375 0.5048828125 0.662109375 0.5048828125 0.681640625 0.515625 0.681640625
30 0.52734375 0.6630859375 0.517578125 0.6630859375 0.517578125 0.6826171875 0.52734375 0.6826171875
30 0.5400390625 0.6650390625 0.529296875 0.6650390625 0.529296875 0.68359375 0.5400390625 0.68359375
51 0.556640625 0.6650390625 0.546875 0.6650390625 0.546875 0.6845703125 0.556640625 0.6845703125
41 0.5703125 0.666015625 0.5595703125 0.666015625 0.5595703125 0.6865234375 0.5703125 0.6865234375
42 0.58203125 0.6669921875 0.5712890625 0.6669921875 0.5712890625 0.6865234375 0.58203125 0.6865234375
51 0.59375 0.6689453125 0.5830078125 0.6689453125 0.5830078125 0.6884765625 0.59375 0.6884765625
28 0.6064453125 0.6689453125 0.595703125 0.6689453125 0.595703125 0.689453125 0.6064453125 0.689453125
40 0.619140625 0.669921875 0.6083984375 0.669921875 0.6083984375 0.689453125 0.619140625 0.689453125
43 0.6318359375 0.671875 0.62109375 0.671875 0.62109375 0.6904296875 0.6318359375 0.6904296875
46 0.6435546875 0.6728515625 0.6328125 0.6728515625 0.6328125 0.69140625 0.6435546875 0.69140625
30 0.65625 0.6728515625 0.6455078125 0.6728515625 0.6455078125 0.6923828125 0.65625 0.6923828125