40 0.3115234375000001 0.5625 0.3007812500000001 0.5625 0.3007812500000001 0.5859375 0.3115234375000001 0.5859375
40 0.3242187500000001 0.5615234375 0.3144531250000001 0.5615234375 0.3144531250000001 0.583984375 0.3242187500000001 0.583984375
40 0.3378906250000001 0.5595703125 0.3271484375000001 0.5595703125 0.3271484375000001 0.5830078125 0.3378906250000001 0.5830078125
34 0.3564453125000001 0.556640625 0.3466796875000001 0.556640625 0.3466796875000001 0.5810546875 0.3564453125000001 0.5810546875
28 0.3710937500000001 0.5546875 0.3603515625000001 0.5546875 0.3603515625000001 0.580078125 0.3710937500000001 0.580078125
30 0.3847656250000001 0.552734375 0.3740234375000001 0.552734375 0.3740234375000001 0.5771484375 0.3847656250000001 0.5771484375
23 0.3984375000000001 0.55078125 0.3886718750000001 0.55078125 0.3886718750000001 0.5751953125 0.3984375000000001 0.5751953125
24 0.4179687500000001 0.548828125 0.4082031250000001 0.548828125 0.4082031250000001 0.5732421875 0.4179687500000001 0.5732421875
23 0.4404296875000001 0.544921875 0.4296875000000001 0.544921875 0.4296875000000001 0.5693359375 0.4404296875000001 0.5693359375
26 0.4550781250000001 0.5439453125 0.4443359375000001 0.5439453125 0.4443359375000001 0.568359375 0.4550781250000001 0.568359375
44 0.4697265625000001 0.5419921875 0.4589843750000001 0.5419921875 0.4589843750000001 0.5673828125 0.4697265625000001 0.5673828125
53 0.4853515625000001 0.5400390625 0.4746093750000001 0.5400390625 0.4746093750000001 0.5654296875 0.4853515625000001 0.5654296875
49 0.5009765625 0.537109375 0.4892578125000001 0.537109375 0.4892578125000001 0.5625 0.5009765625 0.5625
19 0.515625 0.53515625 0.5048828125 0.53515625 0.5048828125 0.560546875 0.515625 0.560546875
52 0.5322265625 0.5322265625 0.5205078125 0.5322265625 0.5205078125 0.55859375 0.5322265625 0.55859375
19 0.556640625 0.5302734375 0.5439453125 0.5302734375 0.5439453125 0.5556640625 0.556640625 0.5556640625
41 0.572265625 0.5263671875 0.560546875 0.5263671875 0.560546875 0.5546875 0.572265625 0.5546875
46 0.5908203125 0.5244140625 0.578125 0.5244140625 0.578125 0.552734375 0.5908203125 0.552734375
26 0.6083984375 0.5244140625 0.5947265625 0.5244140625 0.5947265625 0.55078125 0.6083984375 0.55078125
33 0.6240234375 0.5205078125 0.6123046875 0.5205078125 0.6123046875 0.546875 0.6240234375 0.546875
19 0.642578125 0.517578125 0.630859375 0.517578125 0.630859375 0.54296875 0.642578125 0.54296875
35 0.6630859375 0.5146484375 0.6494140625 0.5146484375 0.6494140625 0.5439453125 0.6630859375 0.5439453125
46 0.548828125 0.568359375 0.5361328125 0.568359375 0.5361328125 0.595703125 0.548828125 0.595703125
33 0.5322265625 0.5703125 0.51953125 0.5703125 0.51953125 0.5986328125 0.5322265625 0.5986328125
39 0.5166015625 0.5712890625 0.50390625 0.5712890625 0.50390625 0.5986328125 0.5166015625 0.5986328125
51 0.5 0.57421875 0.4882812500000001 0.57421875 0.4882812500000001 0.6005859375 0.5 0.6005859375
41 0.4843750000000001 0.5751953125 0.4716796875000001 0.5751953125 0.4716796875000001 0.6015625 0.4843750000000001 0.6015625
19 0.3613281250000001 0.58984375 0.3515625000000001 0.58984375 0.3515625000000001 0.611328125 0.3613281250000001 0.611328125
41 0.3740234375000001 0.587890625 0.3632812500000001 0.587890625 0.3632812500000001 0.61328125 0.3740234375000001 0.61328125
46 0.3896484375000001 0.5859375 0.3779296875000001 0.5859375 0.3779296875000001 0.611328125 0.3896484375000001 0.611328125
26 0.4023437500000001 0.583984375 0.3935546875000001 0.583984375 0.3935546875000001 0.609375 0.4023437500000001 0.609375
22 0.4179687500000001 0.58203125 0.4052734375000001 0.58203125 0.4052734375000001 0.6083984375 0.4179687500000001 0.6083984375
39 0.4326171875000001 0.580078125 0.4208984375000001 0.580078125 0.4208984375000001 0.607421875 0.4326171875000001 0.607421875
32 0.4462890625000001 0.578125 0.4345703125000001 0.578125 0.4345703125000001 0.6064453125 0.4462890625000001 0.6064453125
31 0.4619140625000001 0.578125 0.4501953125000001 0.578125 0.4501953125000001 0.603515625 0.4619140625000001 0.603515625
42 0.2949218750000001 0.6298828125 0.2841796875000001 0.6298828125 0.2841796875000001 0.6552734375 0.2949218750000001 0.6552734375
26 0.3085937500000001 0.6298828125 0.2988281250000001 0.6298828125 0.2988281250000001 0.654296875 0.3085937500000001 0.654296875
29 0.3212890625000001 0.6279296875 0.3115234375000001 0.6279296875 0.3115234375000001 0.65234375 0.3212890625000001 0.65234375
30 0.3349609375000001 0.626953125 0.3251953125000001 0.626953125 0.3251953125000001 0.65234375 0.3349609375000001 0.65234375
37 0.3496093750000001 0.6259765625 0.3378906250000001 0.6259765625 0.3378906250000001 0.6513671875 0.3496093750000001 0.6513671875
42 0.3691406250000001 0.625 0.3583984375000001 0.625 0.3583984375000001 0.650390625 0.3691406250000001 0.650390625
19 0.3837890625000001 0.623046875 0.3730468750000001 0.623046875 0.3730468750000001 0.646484375 0.3837890625000001 0.646484375
20 0.3974609375000001 0.6220703125 0.3867187500000001 0.6220703125 0.3867187500000001 0.6455078125 0.3974609375000001 0.6455078125
40 0.4111328125000001 0.6201171875 0.4003906250000001 0.6201171875 0.4003906250000001 0.6455078125 0.4111328125000001 0.6455078125
46 0.4267578125000001 0.6171875 0.4140625000000001 0.6171875 0.4140625000000001 0.64453125 0.4267578125000001 0.64453125
32 0.4423828125000001 0.6171875 0.4296875000000001 0.6171875 0.4296875000000001 0.6435546875 0.4423828125000001 0.6435546875
43 0.4638671875000001 0.6142578125 0.4511718750000001 0.6142578125 0.4511718750000001 0.642578125 0.4638671875000001 0.642578125
47 0.5029296875 0.607421875 0.4912109375000001 0.607421875 0.4912109375000001 0.638671875 0.5029296875 0.638671875
23 0.560546875 0.60546875 0.5478515625 0.60546875 0.5478515625 0.6337890625 0.560546875 0.6337890625
40 0.578125 0.603515625 0.564453125 0.603515625 0.564453125 0.6328125 0.578125 0.6328125
47 0.640625 0.59375 0.626953125 0.59375 0.626953125 0.6279296875 0.640625 0.6279296875
20 0.3183593750000001 0.6640625 0.3076171875000001 0.6640625 0.3076171875000001 0.6875 0.3183593750000001 0.6875
26 0.3310546875000001 0.6630859375 0.3212890625000001 0.6630859375 0.3212890625000001 0.6875 0.3310546875000001 0.6875
54 0.3437500000000001 0.6611328125 0.3339843750000001 0.6611328125 0.3339843750000001 0.6875 0.3437500000000001 0.6875
41 0.3662109375000001 0.66015625 0.3535156250000001 0.66015625 0.3535156250000001 0.6865234375 0.3662109375000001 0.6865234375
26 0.3798828125000001 0.6591796875 0.3701171875000001 0.6591796875 0.3701171875000001 0.6845703125 0.3798828125000001 0.6845703125
42 0.3935546875000001 0.658203125 0.3818359375000001 0.658203125 0.3818359375000001 0.6845703125 0.3935546875000001 0.6845703125
26 0.4091796875000001 0.6572265625 0.3984375000000001 0.6572265625 0.3984375000000001 0.68359375 0.4091796875000001 0.68359375
42 0.4238281250000001 0.65625 0.4111328125000001 0.65625 0.4111328125000001 0.68359375 0.4238281250000001 0.68359375
32 0.4394531250000001 0.654296875 0.4267578125000001 0.654296875 0.4267578125000001 0.681640625 0.4394531250000001 0.681640625
49 0.4541015625000001 0.65234375 0.4423828125000001 0.65234375 0.4423828125000001 0.6806640625 0.4541015625000001 0.6806640625
19 0.4707031250000001 0.6533203125 0.4580078125000001 0.6533203125 0.4580078125000001 0.6796875 0.4707031250000001 0.6796875
30 0.4931640625000001 0.650390625 0.4814453125000001 0.650390625 0.4814453125000001 0.6787109375 0.4931640625000001 0.6787109375
49 0.517578125 0.6484375 0.50390625 0.6484375 0.50390625 0.6767578125 0.517578125 0.6767578125
32 0.5341796875 0.6474609375 0.5205078125 0.6474609375 0.5205078125 0.6767578125 0.5341796875 0.6767578125
50 0.5517578125 0.6474609375 0.5390625 0.6474609375 0.5390625 0.67578125 0.5517578125 0.67578125
40 0.568359375 0.6455078125 0.5546875 0.6455078125 0.5546875 0.673828125 0.568359375 0.673828125
23 0.5869140625 0.6435546875 0.5732421875 0.6435546875 0.5732421875 0.6728515625 0.5869140625 0.6728515625
39 0.6044921875 0.642578125 0.5908203125 0.642578125 0.5908203125 0.671875 0.6044921875 0.671875
32 0.6240234375 0.6416015625 0.609375 0.6416015625 0.609375 0.6708984375 0.6240234375 0.6708984375
50 0.642578125 0.640625 0.6279296875 0.640625 0.6279296875 0.6708984375 0.642578125 0.6708984375