49 0.3876953125000001 0.6923828125 0.3779296875000001 0.6923828125 0.3779296875000001 0.712890625 0.3876953125000001 0.712890625
32 0.4013671875000001 0.6923828125 0.3906250000000001 0.6923828125 0.3906250000000001 0.7138671875 0.4013671875000001 0.7138671875
54 0.4140625000000001 0.693359375 0.4033203125000001 0.693359375 0.4033203125000001 0.71484375 0.4140625000000001 0.71484375
40 0.4267578125000001 0.6943359375 0.4169921875000001 0.6943359375 0.4169921875000001 0.7158203125 0.4267578125000001 0.7158203125
49 0.4404296875000001 0.6953125 0.4306640625000001 0.6953125 0.4306640625000001 0.7158203125 0.4404296875000001 0.7158203125
41 0.4677734375000001 0.6962890625 0.4570312500000001 0.6962890625 0.4570312500000001 0.7177734375 0.4677734375000001 0.7177734375
26 0.4824218750000001 0.6962890625 0.4716796875000001 0.6962890625 0.4716796875000001 0.7177734375 0.4824218750000001 0.7177734375
42 0.4970703125000001 0.697265625 0.4853515625000001 0.697265625 0.4853515625000001 0.71875 0.4970703125000001 0.71875
43 0.5107421875 0.697265625 0.5009765625 0.697265625 0.5009765625 0.7197265625 0.5107421875 0.7197265625
40 0.525390625 0.6982421875 0.5146484375 0.6982421875 0.5146484375 0.7197265625 0.525390625 0.7197265625
39 0.5400390625 0.69921875 0.5283203125 0.69921875 0.5283203125 0.720703125 0.5400390625 0.720703125
19 0.5546875 0.69921875 0.5439453125 0.69921875 0.5439453125 0.7216796875 0.5546875 0.7216796875
36 0.5703125 0.69921875 0.55859375 0.69921875 0.55859375 0.7216796875 0.5703125 0.7216796875
19 0.583984375 0.7001953125 0.5732421875 0.7001953125 0.5732421875 0.72265625 0.583984375 0.72265625
47 0.6005859375 0.7001953125 0.5888671875 0.7001953125 0.5888671875 0.72265625 0.6005859375 0.72265625
41 0.3896484375000001 0.720703125 0.3789062500000001 0.720703125 0.3789062500000001 0.7412109375 0.3896484375000001 0.7412109375
40 0.4033203125000001 0.7216796875 0.3925781250000001 0.7216796875 0.3925781250000001 0.7431640625 0.4033203125000001 0.7431640625
23 0.4160156250000001 0.72265625 0.4052734375000001 0.72265625 0.4052734375000001 0.744140625 0.4160156250000001 0.744140625
54 0.4433593750000001 0.724609375 0.4316406250000001 0.724609375 0.4316406250000001 0.74609375 0.4433593750000001 0.74609375
39 0.4570312500000001 0.724609375 0.4462890625000001 0.724609375 0.4462890625000001 0.74609375 0.4570312500000001 0.74609375
19 0.4697265625000001 0.7255859375 0.4599609375000001 0.7255859375 0.4599609375000001 0.7470703125 0.4697265625000001 0.7470703125
33 0.4833984375000001 0.7255859375 0.4736328125000001 0.7255859375 0.4736328125000001 0.7470703125 0.4833984375000001 0.7470703125
40 0.4990234375000001 0.7265625 0.4873046875000001 0.7265625 0.4873046875000001 0.748046875 0.4990234375000001 0.748046875
37 0.51171875 0.7265625 0.501953125 0.7265625 0.501953125 0.748046875 0.51171875 0.748046875