33 0.4111328125000001 0.5107421875 0.4052734375000001 0.5107421875 0.4052734375000001 0.5234375 0.4111328125000001 0.5234375
40 0.4199218750000001 0.5107421875 0.4130859375000001 0.5107421875 0.4130859375000001 0.5234375 0.4199218750000001 0.5234375
37 0.4277343750000001 0.5107421875 0.4208984375000001 0.5107421875 0.4208984375000001 0.5244140625 0.4277343750000001 0.5244140625
41 0.4355468750000001 0.5107421875 0.4296875000000001 0.5107421875 0.4296875000000001 0.5244140625 0.4355468750000001 0.5244140625
38 0.4443359375000001 0.5107421875 0.4375000000000001 0.5107421875 0.4375000000000001 0.5244140625 0.4443359375000001 0.5244140625
48 0.4521484375000001 0.51171875 0.4453125000000001 0.51171875 0.4453125000000001 0.5244140625 0.4521484375000001 0.5244140625
46 0.4599609375000001 0.5107421875 0.4531250000000001 0.5107421875 0.4531250000000001 0.5244140625 0.4599609375000001 0.5244140625
26 0.4677734375000001 0.51171875 0.4619140625000001 0.51171875 0.4619140625000001 0.5244140625 0.4677734375000001 0.5244140625
42 0.4765625000000001 0.51171875 0.4697265625000001 0.51171875 0.4697265625000001 0.525390625 0.4765625000000001 0.525390625
39 0.4843750000000001 0.51171875 0.4775390625000001 0.51171875 0.4775390625000001 0.525390625 0.4843750000000001 0.525390625
32 0.4921875000000001 0.5126953125 0.4863281250000001 0.5126953125 0.4863281250000001 0.525390625 0.4921875000000001 0.525390625
31 0.5009765625 0.5126953125 0.4941406250000001 0.5126953125 0.4941406250000001 0.525390625 0.5009765625 0.525390625
33 0.51171875 0.513671875 0.505859375 0.513671875 0.505859375 0.52734375 0.51171875 0.52734375
36 0.5205078125 0.5126953125 0.5126953125 0.5126953125 0.5126953125 0.5263671875 0.5205078125 0.5263671875
19 0.5283203125 0.5126953125 0.521484375 0.5126953125 0.521484375 0.5263671875 0.5283203125 0.5263671875
43 0.5361328125 0.513671875 0.529296875 0.513671875 0.529296875 0.5263671875 0.5361328125 0.5263671875
43 0.544921875 0.513671875 0.537109375 0.513671875 0.537109375 0.52734375 0.544921875 0.52734375
51 0.3583984375000001 0.5263671875 0.3515625000000001 0.5263671875 0.3515625000000001 0.5400390625 0.3583984375000001 0.5400390625
22 0.3662109375000001 0.52734375 0.3593750000000001 0.52734375 0.3593750000000001 0.5400390625 0.3662109375000001 0.5400390625
26 0.3740234375000001 0.52734375 0.3681640625000001 0.52734375 0.3681640625000001 0.5400390625 0.3740234375000001 0.5400390625
20 0.3828125000000001 0.52734375 0.3759765625000001 0.52734375 0.3759765625000001 0.541015625 0.3828125000000001 0.541015625
39 0.3916015625000001 0.5283203125 0.3847656250000001 0.5283203125 0.3847656250000001 0.5419921875 0.3916015625000001 0.5419921875
19 0.3994140625000001 0.5283203125 0.3925781250000001 0.5283203125 0.3925781250000001 0.5419921875 0.3994140625000001 0.5419921875
52 0.4082031250000001 0.5283203125 0.4003906250000001 0.5283203125 0.4003906250000001 0.5419921875 0.4082031250000001 0.5419921875
19 0.4199218750000001 0.5283203125 0.4130859375000001 0.5283203125 0.4130859375000001 0.5419921875 0.4199218750000001 0.5419921875
51 0.4277343750000001 0.5283203125 0.4208984375000001 0.5283203125 0.4208984375000001 0.5419921875 0.4277343750000001 0.5419921875
23 0.4355468750000001 0.5283203125 0.4296875000000001 0.5283203125 0.4296875000000001 0.5419921875 0.4355468750000001 0.5419921875
30 0.4443359375000001 0.529296875 0.4375000000000001 0.529296875 0.4375000000000001 0.54296875 0.4443359375000001 0.54296875
46 0.4521484375000001 0.529296875 0.4453125000000001 0.529296875 0.4453125000000001 0.5419921875 0.4521484375000001 0.5419921875
40 0.4599609375000001 0.529296875 0.4541015625000001 0.529296875 0.4541015625000001 0.5419921875 0.4599609375000001 0.5419921875
42 0.4677734375000001 0.529296875 0.4619140625000001 0.529296875 0.4619140625000001 0.54296875 0.4677734375000001 0.54296875
30 0.4765625000000001 0.529296875 0.4697265625000001 0.529296875 0.4697265625000001 0.54296875 0.4765625000000001 0.54296875
52 0.4843750000000001 0.5302734375 0.4775390625000001 0.5302734375 0.4775390625000001 0.5439453125 0.4843750000000001 0.5439453125
23 0.4960937500000001 0.5302734375 0.4892578125000001 0.5302734375 0.4892578125000001 0.54296875 0.4960937500000001 0.54296875
36 0.50390625 0.53125 0.4970703125000001 0.53125 0.4970703125000001 0.5439453125 0.50390625 0.5439453125
52 0.51171875 0.5302734375 0.505859375 0.5302734375 0.505859375 0.5439453125 0.51171875 0.5439453125
41 0.5234375 0.53125 0.5166015625 0.53125 0.5166015625 0.544921875 0.5234375 0.544921875
42 0.53125 0.53125 0.525390625 0.53125 0.525390625 0.544921875 0.53125 0.544921875
40 0.5400390625 0.53125 0.533203125 0.53125 0.533203125 0.544921875 0.5400390625 0.544921875
49 0.5478515625 0.5322265625 0.541015625 0.5322265625 0.541015625 0.544921875 0.5478515625 0.544921875
26 0.5556640625 0.53125 0.548828125 0.53125 0.548828125 0.544921875 0.5556640625 0.544921875
23 0.5634765625 0.5322265625 0.556640625 0.5322265625 0.556640625 0.544921875 0.5634765625 0.544921875
26 0.5712890625 0.5322265625 0.564453125 0.5322265625 0.564453125 0.544921875 0.5712890625 0.544921875
39 0.580078125 0.5322265625 0.5732421875 0.5322265625 0.5732421875 0.5458984375 0.580078125 0.5458984375
30 0.587890625 0.5322265625 0.5810546875 0.5322265625 0.5810546875 0.5458984375 0.587890625 0.5458984375
52 0.595703125 0.5322265625 0.5888671875 0.5322265625 0.5888671875 0.5458984375 0.595703125 0.5458984375
36 0.2773437500000001 0.5439453125 0.2705078125000001 0.5439453125 0.2705078125000001 0.556640625 0.2773437500000001 0.556640625
19 0.2851562500000001 0.5439453125 0.2783203125000001 0.5439453125 0.2783203125000001 0.556640625 0.2851562500000001 0.556640625
20 0.2939453125000001 0.5439453125 0.2871093750000001 0.5439453125 0.2871093750000001 0.556640625 0.2939453125000001 0.556640625
40 0.3017578125000001 0.5439453125 0.2949218750000001 0.5439453125 0.2949218750000001 0.5576171875 0.3017578125000001 0.5576171875
42 0.3105468750000001 0.544921875 0.3037109375000001 0.544921875 0.3037109375000001 0.5576171875 0.3105468750000001 0.5576171875
19 0.3193359375000001 0.544921875 0.3125000000000001 0.544921875 0.3125000000000001 0.556640625 0.3193359375000001 0.556640625
46 0.3271484375000001 0.544921875 0.3203125000000001 0.544921875 0.3203125000000001 0.55859375 0.3271484375000001 0.55859375
40 0.3349609375000001 0.544921875 0.3281250000000001 0.544921875 0.3281250000000001 0.55859375 0.3349609375000001 0.55859375
42 0.3437500000000001 0.544921875 0.3369140625000001 0.544921875 0.3369140625000001 0.55859375 0.3437500000000001 0.55859375
39 0.3515625000000001 0.544921875 0.3447265625000001 0.544921875 0.3447265625000001 0.55859375 0.3515625000000001 0.55859375
32 0.3603515625000001 0.544921875 0.3535156250000001 0.544921875 0.3535156250000001 0.55859375 0.3603515625000001 0.55859375
50 0.3681640625000001 0.544921875 0.3613281250000001 0.544921875 0.3613281250000001 0.55859375 0.3681640625000001 0.55859375
55 0.3759765625000001 0.544921875 0.3691406250000001 0.544921875 0.3691406250000001 0.5595703125 0.3759765625000001 0.5595703125
41 0.3886718750000001 0.5458984375 0.3818359375000001 0.5458984375 0.3818359375000001 0.5595703125 0.3886718750000001 0.5595703125
42 0.3974609375000001 0.5458984375 0.3906250000000001 0.5458984375 0.3906250000000001 0.5595703125 0.3974609375000001 0.5595703125
19 0.4052734375000001 0.5458984375 0.3984375000000001 0.5458984375 0.3984375000000001 0.5595703125 0.4052734375000001 0.5595703125
33 0.4130859375000001 0.546875 0.4062500000000001 0.546875 0.4062500000000001 0.560546875 0.4130859375000001 0.560546875
46 0.4208984375000001 0.546875 0.4150390625000001 0.546875 0.4150390625000001 0.560546875 0.4208984375000001 0.560546875
30 0.4296875000000001 0.546875 0.4228515625000001 0.546875 0.4228515625000001 0.5595703125 0.4296875000000001 0.5595703125
22 0.4375000000000001 0.546875 0.4306640625000001 0.546875 0.4306640625000001 0.560546875 0.4375000000000001 0.560546875
26 0.4462890625000001 0.546875 0.4384765625000001 0.546875 0.4384765625000001 0.560546875 0.4462890625000001 0.560546875
43 0.4541015625000001 0.546875 0.4472656250000001 0.546875 0.4472656250000001 0.560546875 0.4541015625000001 0.560546875
33 0.4619140625000001 0.5478515625 0.4550781250000001 0.5478515625 0.4550781250000001 0.560546875 0.4619140625000001 0.560546875
30 0.4707031250000001 0.5478515625 0.4638671875000001 0.5478515625 0.4638671875000001 0.5615234375 0.4707031250000001 0.5615234375
50 0.4785156250000001 0.546875 0.4707031250000001 0.546875 0.4707031250000001 0.5615234375 0.4785156250000001 0.5615234375
30 0.4902343750000001 0.5478515625 0.4833984375000001 0.5478515625 0.4833984375000001 0.5615234375 0.4902343750000001 0.5615234375
43 0.501953125 0.548828125 0.4951171875000001 0.548828125 0.4951171875000001 0.5615234375 0.501953125 0.5615234375
19 0.5087890625 0.5478515625 0.5029296875 0.5478515625 0.5029296875 0.5615234375 0.5087890625 0.5615234375
37 0.517578125 0.548828125 0.5107421875 0.548828125 0.5107421875 0.5625 0.517578125 0.5625
40 0.525390625 0.548828125 0.5185546875 0.548828125 0.5185546875 0.5615234375 0.525390625 0.5615234375
43 0.533203125 0.548828125 0.5263671875 0.548828125 0.5263671875 0.5625 0.533203125 0.5625
46 0.541015625 0.5498046875 0.53515625 0.5498046875 0.53515625 0.5625 0.541015625 0.5625
40 0.5498046875 0.548828125 0.54296875 0.548828125 0.54296875 0.5625 0.5498046875 0.5625
52 0.556640625 0.5498046875 0.55078125 0.5498046875 0.55078125 0.5625 0.556640625 0.5625
46 0.5654296875 0.5498046875 0.55859375 0.5498046875 0.55859375 0.5625 0.5654296875 0.5625
26 0.5732421875 0.5498046875 0.56640625 0.5498046875 0.56640625 0.5634765625 0.5732421875 0.5634765625
36 0.5810546875 0.5498046875 0.57421875 0.5498046875 0.57421875 0.5634765625 0.5810546875 0.5634765625
38 0.5888671875 0.55078125 0.5830078125 0.55078125 0.5830078125 0.5634765625 0.5888671875 0.5634765625
39 0.5966796875 0.55078125 0.58984375 0.55078125 0.58984375 0.5634765625 0.5966796875 0.5634765625
32 0.60546875 0.55078125 0.5986328125 0.55078125 0.5986328125 0.5634765625 0.60546875 0.5634765625
50 0.61328125 0.55078125 0.6064453125 0.55078125 0.6064453125 0.564453125 0.61328125 0.564453125
54 0.625 0.5517578125 0.6181640625 0.5517578125 0.6181640625 0.5654296875 0.625 0.5654296875
19 0.6328125 0.5517578125 0.625 0.5517578125 0.625 0.564453125 0.6328125 0.564453125
39 0.6416015625 0.5517578125 0.6337890625 0.5517578125 0.6337890625 0.5654296875 0.6416015625 0.5654296875
52 0.6494140625 0.552734375 0.642578125 0.552734375 0.642578125 0.5654296875 0.6494140625 0.5654296875
46 0.65625 0.5517578125 0.650390625 0.5517578125 0.650390625 0.5654296875 0.65625 0.5654296875
30 0.6650390625 0.552734375 0.658203125 0.552734375 0.658203125 0.5654296875 0.6650390625 0.5654296875
31 0.6728515625 0.552734375 0.666015625 0.552734375 0.666015625 0.56640625 0.6728515625 0.56640625