40 0.21875000000000006 0.5390625 0.20800781250000006 0.5390625 0.20800781250000006 0.564453125 0.21875000000000006 0.564453125
40 0.23242187500000006 0.537109375 0.22167968750000006 0.537109375 0.22167968750000006 0.5625 0.23242187500000006 0.5625
40 0.24511718750000006 0.5341796875 0.23437500000000006 0.5341796875 0.23437500000000006 0.5615234375 0.24511718750000006 0.5615234375
34 0.2656250000000001 0.5302734375 0.2548828125000001 0.5302734375 0.2548828125000001 0.556640625 0.2656250000000001 0.556640625
28 0.2802734375000001 0.52734375 0.2685546875000001 0.52734375 0.2685546875000001 0.5556640625 0.2802734375000001 0.5556640625
30 0.2939453125000001 0.5244140625 0.2832031250000001 0.5244140625 0.2832031250000001 0.5517578125 0.2939453125000001 0.5517578125
23 0.3085937500000001 0.5205078125 0.2968750000000001 0.5205078125 0.2968750000000001 0.5478515625 0.3085937500000001 0.5478515625
24 0.3300781250000001 0.517578125 0.3183593750000001 0.517578125 0.3183593750000001 0.544921875 0.3300781250000001 0.544921875
23 0.3525390625000001 0.5126953125 0.3408203125000001 0.5126953125 0.3408203125000001 0.5400390625 0.3525390625000001 0.5400390625
26 0.3681640625000001 0.5107421875 0.3564453125000001 0.5107421875 0.3564453125000001 0.537109375 0.3681640625000001 0.537109375
44 0.3837890625000001 0.5078125 0.3720703125000001 0.5078125 0.3720703125000001 0.53515625 0.3837890625000001 0.53515625
53 0.3994140625000001 0.5048828125 0.3876953125000001 0.5048828125 0.3876953125000001 0.5322265625 0.3994140625000001 0.5322265625
49 0.4160156250000001 0.5 0.4033203125000001 0.5 0.4033203125000001 0.5283203125 0.4160156250000001 0.5283203125
19 0.4306640625000001 0.4990234375 0.4189453125000001 0.4990234375 0.4189453125000001 0.5263671875 0.4306640625000001 0.5263671875
52 0.4482421875000001 0.494140625 0.4355468750000001 0.494140625 0.4355468750000001 0.5234375 0.4482421875000001 0.5234375
19 0.4736328125000001 0.4902343750000001 0.4609375000000001 0.4902343750000001 0.4609375000000001 0.517578125 0.4736328125000001 0.517578125
41 0.4912109375000001 0.4843750000000001 0.4775390625000001 0.4843750000000001 0.4775390625000001 0.5166015625 0.4912109375000001 0.5166015625
46 0.509765625 0.4824218750000001 0.4960937500000001 0.4824218750000001 0.4960937500000001 0.5126953125 0.509765625 0.5126953125
26 0.5283203125 0.4804687500000001 0.513671875 0.4804687500000001 0.513671875 0.5107421875 0.5283203125 0.5107421875
33 0.546875 0.4765625000000001 0.5322265625 0.4765625000000001 0.5322265625 0.5068359375 0.546875 0.5068359375
19 0.5654296875 0.4716796875000001 0.55078125 0.4716796875000001 0.55078125 0.5029296875 0.5654296875 0.5029296875
35 0.5859375 0.4677734375000001 0.5712890625 0.4677734375000001 0.5712890625 0.4990234375000001 0.5859375 0.4990234375000001
46 0.4667968750000001 0.533203125 0.4541015625000001 0.533203125 0.4541015625000001 0.564453125 0.4667968750000001 0.564453125
33 0.4501953125000001 0.5361328125 0.4365234375000001 0.5361328125 0.4365234375000001 0.56640625 0.4501953125000001 0.56640625
39 0.4326171875000001 0.5380859375 0.4199218750000001 0.5380859375 0.4199218750000001 0.5693359375 0.4326171875000001 0.5693359375
51 0.4150390625000001 0.54296875 0.4033203125000001 0.54296875 0.4033203125000001 0.572265625 0.4150390625000001 0.572265625
41 0.3994140625000001 0.544921875 0.3867187500000001 0.544921875 0.3867187500000001 0.57421875 0.3994140625000001 0.57421875
19 0.2705078125000001 0.5673828125 0.2607421875000001 0.5673828125 0.2607421875000001 0.591796875 0.2705078125000001 0.591796875
41 0.2861328125000001 0.564453125 0.2744140625000001 0.564453125 0.2744140625000001 0.591796875 0.2861328125000001 0.591796875
46 0.2998046875000001 0.5615234375 0.2880859375000001 0.5615234375 0.2880859375000001 0.58984375 0.2998046875000001 0.58984375
26 0.3144531250000001 0.55859375 0.3046875000000001 0.55859375 0.3046875000000001 0.5869140625 0.3144531250000001 0.5869140625
22 0.3291015625000001 0.556640625 0.3173828125000001 0.556640625 0.3173828125000001 0.5849609375 0.3291015625000001 0.5849609375
39 0.3447265625000001 0.552734375 0.3330078125000001 0.552734375 0.3330078125000001 0.5830078125 0.3447265625000001 0.5830078125
32 0.3603515625000001 0.55078125 0.3476562500000001 0.55078125 0.3476562500000001 0.58203125 0.3603515625000001 0.58203125
31 0.3759765625000001 0.548828125 0.3632812500000001 0.548828125 0.3632812500000001 0.578125 0.3759765625000001 0.578125
42 0.20507812500000006 0.615234375 0.19433593750000006 0.615234375 0.19433593750000006 0.642578125 0.20507812500000006 0.642578125
26 0.21875000000000006 0.61328125 0.20800781250000006 0.61328125 0.20800781250000006 0.640625 0.21875000000000006 0.640625
29 0.23242187500000006 0.6103515625 0.22167968750000006 0.6103515625 0.22167968750000006 0.6376953125 0.23242187500000006 0.6376953125
30 0.24609375000000006 0.6083984375 0.23535156250000006 0.6083984375 0.23535156250000006 0.63671875 0.24609375000000006 0.63671875
37 0.2607421875000001 0.6064453125 0.24902343750000006 0.6064453125 0.24902343750000006 0.634765625 0.2607421875000001 0.634765625
42 0.2802734375000001 0.6044921875 0.2685546875000001 0.6044921875 0.2685546875000001 0.6318359375 0.2802734375000001 0.6318359375
19 0.2949218750000001 0.6025390625 0.2841796875000001 0.6025390625 0.2841796875000001 0.6279296875 0.2949218750000001 0.6279296875
20 0.3105468750000001 0.6005859375 0.2988281250000001 0.6005859375 0.2988281250000001 0.626953125 0.3105468750000001 0.626953125
40 0.3242187500000001 0.5986328125 0.3134765625000001 0.5986328125 0.3134765625000001 0.626953125 0.3242187500000001 0.626953125
46 0.3408203125000001 0.595703125 0.3281250000000001 0.595703125 0.3281250000000001 0.625 0.3408203125000001 0.625
32 0.3564453125000001 0.5927734375 0.3437500000000001 0.5927734375 0.3437500000000001 0.6220703125 0.3564453125000001 0.6220703125
43 0.3798828125000001 0.5888671875 0.3671875000000001 0.5888671875 0.3671875000000001 0.619140625 0.3798828125000001 0.619140625
47 0.4199218750000001 0.58203125 0.4072265625000001 0.58203125 0.4072265625000001 0.6142578125 0.4199218750000001 0.6142578125
23 0.4794921875000001 0.5751953125 0.4667968750000001 0.5751953125 0.4667968750000001 0.6064453125 0.4794921875000001 0.6064453125
40 0.4980468750000001 0.572265625 0.4843750000000001 0.572265625 0.4843750000000001 0.60546875 0.4980468750000001 0.60546875
47 0.564453125 0.5595703125 0.5498046875 0.5595703125 0.5498046875 0.595703125 0.564453125 0.595703125
20 0.22949218750000006 0.650390625 0.21875000000000006 0.650390625 0.21875000000000006 0.67578125 0.22949218750000006 0.67578125
26 0.24316406250000006 0.6494140625 0.23339843750000006 0.6494140625 0.23339843750000006 0.67578125 0.24316406250000006 0.67578125
54 0.2568359375000001 0.646484375 0.24609375000000006 0.646484375 0.24609375000000006 0.6748046875 0.2568359375000001 0.6748046875
41 0.2792968750000001 0.64453125 0.2666015625000001 0.64453125 0.2666015625000001 0.673828125 0.2792968750000001 0.673828125
26 0.2929687500000001 0.642578125 0.2822265625000001 0.642578125 0.2822265625000001 0.6708984375 0.2929687500000001 0.6708984375
42 0.3076171875000001 0.6416015625 0.2968750000000001 0.6416015625 0.2968750000000001 0.6689453125 0.3076171875000001 0.6689453125
26 0.3242187500000001 0.6396484375 0.3125000000000001 0.6396484375 0.3125000000000001 0.66796875 0.3242187500000001 0.66796875
42 0.3388671875000001 0.6376953125 0.3261718750000001 0.6376953125 0.3261718750000001 0.6669921875 0.3388671875000001 0.6669921875
32 0.3554687500000001 0.634765625 0.3427734375000001 0.634765625 0.3427734375000001 0.6650390625 0.3554687500000001 0.6650390625
49 0.3701171875000001 0.6328125 0.3583984375000001 0.6328125 0.3583984375000001 0.6630859375 0.3701171875000001 0.6630859375
19 0.3867187500000001 0.6318359375 0.3740234375000001 0.6318359375 0.3740234375000001 0.658203125 0.3867187500000001 0.658203125
30 0.4111328125000001 0.6279296875 0.3984375000000001 0.6279296875 0.3984375000000001 0.6572265625 0.4111328125000001 0.6572265625
49 0.4365234375000001 0.625 0.4228515625000001 0.625 0.4228515625000001 0.6552734375 0.4365234375000001 0.6552734375
32 0.4541015625000001 0.6240234375 0.4404296875000001 0.6240234375 0.4404296875000001 0.654296875 0.4541015625000001 0.654296875
50 0.4716796875000001 0.6220703125 0.4580078125000001 0.6220703125 0.4580078125000001 0.6533203125 0.4716796875000001 0.6533203125
40 0.4902343750000001 0.619140625 0.4765625000000001 0.619140625 0.4765625000000001 0.6513671875 0.4902343750000001 0.6513671875
23 0.5087890625 0.6162109375 0.4941406250000001 0.6162109375 0.4941406250000001 0.6494140625 0.5087890625 0.6494140625
39 0.52734375 0.6142578125 0.5126953125 0.6142578125 0.5126953125 0.6474609375 0.52734375 0.6474609375
32 0.546875 0.6123046875 0.5322265625 0.6123046875 0.5322265625 0.646484375 0.546875 0.646484375
50 0.5673828125 0.6103515625 0.5517578125 0.6103515625 0.5517578125 0.6435546875 0.5673828125 0.6435546875