49 0.3681640625000001 0.640625 0.3593750000000001 0.640625 0.3593750000000001 0.6591796875 0.3681640625000001 0.6591796875
32 0.3798828125000001 0.6416015625 0.3710937500000001 0.6416015625 0.3710937500000001 0.6611328125 0.3798828125000001 0.6611328125
54 0.3916015625000001 0.642578125 0.3828125000000001 0.642578125 0.3828125000000001 0.662109375 0.3916015625000001 0.662109375
40 0.4033203125000001 0.6435546875 0.3945312500000001 0.6435546875 0.3945312500000001 0.6630859375 0.4033203125000001 0.6630859375
49 0.4160156250000001 0.6455078125 0.4072265625000001 0.6455078125 0.4072265625000001 0.6650390625 0.4160156250000001 0.6650390625
41 0.4404296875000001 0.6474609375 0.4316406250000001 0.6474609375 0.4316406250000001 0.6669921875 0.4404296875000001 0.6669921875
26 0.4531250000000001 0.6494140625 0.4443359375000001 0.6494140625 0.4443359375000001 0.6689453125 0.4531250000000001 0.6689453125
42 0.4667968750000001 0.650390625 0.4570312500000001 0.650390625 0.4570312500000001 0.669921875 0.4667968750000001 0.669921875
43 0.4785156250000001 0.65234375 0.4697265625000001 0.65234375 0.4697265625000001 0.6708984375 0.4785156250000001 0.6708984375
40 0.4921875000000001 0.65234375 0.4824218750000001 0.65234375 0.4824218750000001 0.671875 0.4921875000000001 0.671875
39 0.5048828125 0.65234375 0.4951171875000001 0.65234375 0.4951171875000001 0.6728515625 0.5048828125 0.6728515625
19 0.5185546875 0.654296875 0.5087890625 0.654296875 0.5087890625 0.673828125 0.5185546875 0.673828125
36 0.5322265625 0.6552734375 0.521484375 0.6552734375 0.521484375 0.67578125 0.5322265625 0.67578125
19 0.544921875 0.65625 0.53515625 0.65625 0.53515625 0.6767578125 0.544921875 0.6767578125
47 0.55859375 0.65625 0.548828125 0.65625 0.548828125 0.677734375 0.55859375 0.677734375
41 0.3691406250000001 0.666015625 0.3603515625000001 0.666015625 0.3603515625000001 0.685546875 0.3691406250000001 0.685546875
40 0.3808593750000001 0.66796875 0.3720703125000001 0.66796875 0.3720703125000001 0.6865234375 0.3808593750000001 0.6865234375
23 0.3925781250000001 0.669921875 0.3837890625000001 0.669921875 0.3837890625000001 0.6884765625 0.3925781250000001 0.6884765625
54 0.4179687500000001 0.671875 0.4082031250000001 0.671875 0.4082031250000001 0.69140625 0.4179687500000001 0.69140625
39 0.4296875000000001 0.673828125 0.4199218750000001 0.673828125 0.4199218750000001 0.6923828125 0.4296875000000001 0.6923828125
19 0.4414062500000001 0.6748046875 0.4326171875000001 0.6748046875 0.4326171875000001 0.6923828125 0.4414062500000001 0.6923828125
33 0.4541015625000001 0.67578125 0.4453125000000001 0.67578125 0.4453125000000001 0.6943359375 0.4541015625000001 0.6943359375
40 0.4667968750000001 0.677734375 0.4580078125000001 0.677734375 0.4580078125000001 0.6962890625 0.4667968750000001 0.6962890625
37 0.4794921875000001 0.6787109375 0.4707031250000001 0.6787109375 0.4707031250000001 0.697265625 0.4794921875000001 0.697265625