40 0.21191406250000006 0.525390625 0.20019531250000006 0.525390625 0.20019531250000006 0.5546875 0.21191406250000006 0.5546875
40 0.22558593750000006 0.5224609375 0.21386718750000006 0.5224609375 0.21386718750000006 0.5517578125 0.22558593750000006 0.5517578125
40 0.24023437500000006 0.5205078125 0.22851562500000006 0.5205078125 0.22851562500000006 0.55078125 0.24023437500000006 0.55078125
34 0.2626953125000001 0.517578125 0.2500000000000001 0.517578125 0.2500000000000001 0.5458984375 0.2626953125000001 0.5458984375
28 0.2773437500000001 0.5146484375 0.2656250000000001 0.5146484375 0.2656250000000001 0.54296875 0.2773437500000001 0.54296875
30 0.2939453125000001 0.5126953125 0.2812500000000001 0.5126953125 0.2812500000000001 0.54296875 0.2939453125000001 0.54296875
23 0.3095703125000001 0.509765625 0.2968750000000001 0.509765625 0.2968750000000001 0.5380859375 0.3095703125000001 0.5380859375
24 0.3330078125000001 0.5078125 0.3203125000000001 0.5078125 0.3203125000000001 0.537109375 0.3330078125000001 0.537109375
23 0.3583984375000001 0.501953125 0.3427734375000001 0.501953125 0.3427734375000001 0.533203125 0.3583984375000001 0.533203125
26 0.3740234375000001 0.5 0.3603515625000001 0.5 0.3603515625000001 0.53125 0.3740234375000001 0.53125
44 0.3916015625000001 0.4970703125 0.3779296875000001 0.4970703125 0.3779296875000001 0.5283203125 0.3916015625000001 0.5283203125
53 0.4091796875000001 0.494140625 0.3955078125000001 0.494140625 0.3955078125000001 0.525390625 0.4091796875000001 0.525390625
49 0.4277343750000001 0.4912109375 0.4130859375000001 0.4912109375 0.4130859375000001 0.5224609375 0.4277343750000001 0.5224609375
19 0.4443359375000001 0.48828125 0.4306640625000001 0.48828125 0.4306640625000001 0.5185546875 0.4443359375000001 0.5185546875
52 0.4648437500000001 0.48535156250000006 0.4492187500000001 0.4853515625 0.4492187500000001 0.5185546875 0.4648437500000001 0.5185546875
19 0.4921875000000001 0.4814453125000001 0.4785156250000001 0.4814453125000001 0.4785156250000001 0.51171875 0.4921875000000001 0.51171875
41 0.51171875 0.4755859375000001 0.4970703125000001 0.4755859375000001 0.4970703125000001 0.5126953125 0.51171875 0.5126953125
46 0.533203125 0.4746093750000001 0.5185546875 0.4746093750000001 0.5185546875 0.5087890625 0.533203125 0.5087890625
26 0.5546875 0.4716796875000001 0.5380859375 0.4716796875000001 0.5380859375 0.5068359375 0.5546875 0.5068359375
33 0.576171875 0.4677734375000001 0.55859375 0.4677734375000001 0.55859375 0.5029296875 0.576171875 0.5029296875
19 0.5966796875 0.4648437500000001 0.5810546875 0.4648437500000001 0.5810546875 0.5 0.5966796875 0.5
35 0.6220703125 0.4628906250000001 0.60546875 0.4628906250000001 0.60546875 0.4970703125000001 0.6220703125 0.4970703125000001
46 0.4863281250000001 0.5302734375 0.4716796875000001 0.5302734375 0.4716796875000001 0.564453125 0.4863281250000001 0.564453125
33 0.4667968750000001 0.5322265625 0.4521484375000001 0.5322265625 0.4521484375000001 0.56640625 0.4667968750000001 0.56640625
39 0.4472656250000001 0.5341796875 0.4326171875000001 0.5341796875 0.4326171875000001 0.568359375 0.4472656250000001 0.568359375
51 0.4287109375000001 0.5380859375 0.4150390625000001 0.5380859375 0.4150390625000001 0.5712890625 0.4287109375000001 0.5712890625
41 0.4091796875000001 0.5390625 0.3964843750000001 0.5390625 0.3964843750000001 0.572265625 0.4091796875000001 0.572265625
19 0.2705078125000001 0.55859375 0.2578125000000001 0.55859375 0.2578125000000001 0.5869140625 0.2705078125000001 0.5869140625
41 0.2851562500000001 0.556640625 0.2734375000000001 0.556640625 0.2734375000000001 0.5859375 0.2851562500000001 0.5859375
46 0.3017578125000001 0.5537109375 0.2890625000000001 0.5537109375 0.2890625000000001 0.5849609375 0.3017578125000001 0.5849609375
26 0.3164062500000001 0.55078125 0.3046875000000001 0.55078125 0.3046875000000001 0.5830078125 0.3164062500000001 0.5830078125
22 0.3330078125000001 0.548828125 0.3203125000000001 0.548828125 0.3203125000000001 0.58203125 0.3330078125000001 0.58203125
39 0.3505859375000001 0.546875 0.3378906250000001 0.546875 0.3378906250000001 0.5791015625 0.3505859375000001 0.5791015625
32 0.3681640625000001 0.5439453125 0.3544921875000001 0.5439453125 0.3544921875000001 0.578125 0.3681640625000001 0.578125
31 0.3847656250000001 0.5439453125 0.3710937500000001 0.5439453125 0.3710937500000001 0.576171875 0.3847656250000001 0.576171875
42 0.20019531250000006 0.6083984375 0.18847656250000006 0.6083984375 0.18847656250000006 0.6376953125 0.20019531250000006 0.6376953125
26 0.21386718750000006 0.6064453125 0.20312500000000006 0.6064453125 0.20312500000000006 0.6357421875 0.21386718750000006 0.6357421875
29 0.22949218750000006 0.60546875 0.21777343750000006 0.60546875 0.21777343750000006 0.6337890625 0.22949218750000006 0.6337890625
30 0.24316406250000006 0.6044921875 0.23242187500000006 0.6044921875 0.23242187500000006 0.634765625 0.24316406250000006 0.634765625
37 0.2587890625000001 0.6025390625 0.24707031250000006 0.6025390625 0.24707031250000006 0.6328125 0.2587890625000001 0.6328125
42 0.2812500000000001 0.6005859375 0.2685546875000001 0.6005859375 0.2685546875000001 0.6318359375 0.2812500000000001 0.6318359375
19 0.2968750000000001 0.599609375 0.2851562500000001 0.599609375 0.2851562500000001 0.6279296875 0.2968750000000001 0.6279296875
20 0.3134765625000001 0.5986328125 0.3007812500000001 0.5986328125 0.3007812500000001 0.6279296875 0.3134765625000001 0.6279296875
40 0.3300781250000001 0.595703125 0.3173828125000001 0.595703125 0.3173828125000001 0.626953125 0.3300781250000001 0.626953125
46 0.3466796875000001 0.5927734375 0.3330078125000001 0.5927734375 0.3330078125000001 0.6259765625 0.3466796875000001 0.6259765625
32 0.3642578125000001 0.591796875 0.3505859375000001 0.591796875 0.3505859375000001 0.6240234375 0.3642578125000001 0.6240234375
43 0.3896484375000001 0.5888671875 0.3750000000000001 0.5888671875 0.3750000000000001 0.623046875 0.3896484375000001 0.623046875
47 0.4345703125000001 0.5830078125 0.4199218750000001 0.5830078125 0.4199218750000001 0.619140625 0.4345703125000001 0.619140625
23 0.5009765625 0.578125 0.4863281250000001 0.578125 0.4863281250000001 0.6123046875 0.5009765625 0.6123046875
40 0.521484375 0.5751953125 0.505859375 0.5751953125 0.505859375 0.6123046875 0.521484375 0.6123046875
47 0.59765625 0.56640625 0.580078125 0.56640625 0.580078125 0.6064453125 0.59765625 0.6064453125
20 0.22851562500000006 0.6494140625 0.21582031250000006 0.6494140625 0.21582031250000006 0.6787109375 0.22851562500000006 0.6787109375
26 0.24316406250000006 0.6484375 0.23144531250000006 0.6484375 0.23144531250000006 0.6787109375 0.24316406250000006 0.6787109375
54 0.2578125000000001 0.6455078125 0.24511718750000006 0.6455078125 0.24511718750000006 0.6767578125 0.2578125000000001 0.6767578125
41 0.2802734375000001 0.64453125 0.2685546875000001 0.64453125 0.2685546875000001 0.67578125 0.2802734375000001 0.67578125
26 0.2958984375000001 0.6435546875 0.2841796875000001 0.6435546875 0.2841796875000001 0.673828125 0.2958984375000001 0.673828125
42 0.3125000000000001 0.642578125 0.2988281250000001 0.642578125 0.2988281250000001 0.673828125 0.3125000000000001 0.673828125
26 0.3300781250000001 0.640625 0.3164062500000001 0.640625 0.3164062500000001 0.671875 0.3300781250000001 0.671875
42 0.3466796875000001 0.6396484375 0.3330078125000001 0.6396484375 0.3330078125000001 0.671875 0.3466796875000001 0.671875
32 0.3632812500000001 0.6376953125 0.3496093750000001 0.6376953125 0.3496093750000001 0.6708984375 0.3632812500000001 0.6708984375
49 0.3808593750000001 0.63671875 0.3671875000000001 0.63671875 0.3671875000000001 0.669921875 0.3808593750000001 0.669921875
19 0.3994140625000001 0.6357421875 0.3847656250000001 0.6357421875 0.3847656250000001 0.66796875 0.3994140625000001 0.66796875
30 0.4248046875000001 0.6337890625 0.4111328125000001 0.6337890625 0.4111328125000001 0.6669921875 0.4248046875000001 0.6669921875
49 0.4531250000000001 0.6318359375 0.4384765625000001 0.6318359375 0.4384765625000001 0.666015625 0.4531250000000001 0.666015625
32 0.4736328125000001 0.630859375 0.4580078125000001 0.630859375 0.4580078125000001 0.6650390625 0.4736328125000001 0.6650390625
50 0.4921875000000001 0.6298828125 0.4775390625000001 0.6298828125 0.4775390625000001 0.6640625 0.4921875000000001 0.6640625
40 0.513671875 0.62890625 0.4970703125000001 0.62890625 0.4970703125000001 0.6630859375 0.513671875 0.6630859375
23 0.5341796875 0.625 0.517578125 0.625 0.517578125 0.6611328125 0.5341796875 0.6611328125
39 0.5556640625 0.625 0.5380859375 0.625 0.5380859375 0.6611328125 0.5556640625 0.6611328125
32 0.578125 0.625 0.560546875 0.625 0.560546875 0.6611328125 0.578125 0.6611328125
50 0.599609375 0.623046875 0.58203125 0.623046875 0.58203125 0.6591796875 0.599609375 0.6591796875