49 0.369140625 0.3828125 0.3583984375 0.3828125 0.3583984375 0.4052734375 0.369140625 0.4052734375
32 0.3837890625 0.3828125 0.3720703125 0.3828125 0.3720703125 0.4052734375 0.3837890625 0.4052734375
54 0.3984375 0.3828125 0.38671875 0.3828125 0.38671875 0.4052734375 0.3984375 0.4052734375
40 0.4130859375 0.3828125 0.4013671875 0.3828125 0.4013671875 0.4052734375 0.4130859375 0.4052734375
49 0.427734375 0.3828125 0.416015625 0.3828125 0.416015625 0.404296875 0.427734375 0.404296875
41 0.4560546875 0.38183593750000006 0.4453125 0.3818359375 0.4453125 0.40429687500000006 0.4560546875 0.4042968750000001
26 0.4716796875 0.3818359375000001 0.4599609375 0.3818359375000001 0.4599609375 0.4052734375000001 0.4716796875 0.4052734375000001
42 0.486328125 0.3818359375000001 0.474609375 0.3818359375000001 0.474609375 0.4042968750000001 0.486328125 0.4042968750000001
43 0.5009765625 0.3808593750000001 0.490234375 0.3808593750000001 0.490234375 0.4042968750000001 0.5009765625 0.4042968750000001
40 0.515625 0.3818359375000001 0.5048828125 0.3818359375000001 0.5048828125 0.4042968750000001 0.515625 0.4042968750000001
39 0.53125 0.3808593750000001 0.5205078125 0.3808593750000001 0.5205078125 0.4042968750000001 0.53125 0.4042968750000001
19 0.544921875 0.3808593750000001 0.5341796875 0.3808593750000001 0.5341796875 0.4033203125000001 0.544921875 0.4033203125000001
36 0.560546875 0.3818359375000001 0.5498046875 0.3818359375000001 0.5498046875 0.4042968750000001 0.560546875 0.4042968750000001
19 0.5751953125 0.3808593750000001 0.564453125 0.3808593750000001 0.564453125 0.4033203125000001 0.5751953125 0.4033203125000001
47 0.58984375 0.3818359375000001 0.5791015625 0.3818359375000001 0.5791015625 0.4033203125000001 0.58984375 0.4033203125000001
41 0.369140625 0.4140625 0.3583984375 0.4140625 0.3583984375 0.4375 0.369140625 0.4375
40 0.3837890625 0.4140625 0.373046875 0.4140625 0.373046875 0.4375 0.3837890625 0.4375
23 0.3984375 0.4140625 0.3876953125 0.4140625 0.3876953125 0.4384765625 0.3984375 0.4384765625
54 0.427734375 0.4150390625 0.416015625 0.4150390625 0.416015625 0.4375 0.427734375 0.4375
39 0.4423828125 0.4140625 0.431640625 0.4140625 0.431640625 0.4365234375 0.4423828125 0.4365234375
19 0.45703125 0.41406250000000006 0.4462890625 0.4140625 0.4462890625 0.43652343750000006 0.45703125 0.4365234375000001
33 0.4716796875 0.4150390625000001 0.4609375 0.4150390625000001 0.4609375 0.4375000000000001 0.4716796875 0.4375000000000001
40 0.486328125 0.4150390625000001 0.4755859375 0.4150390625000001 0.4755859375 0.4375000000000001 0.486328125 0.4375000000000001
37 0.5009765625 0.4140625000000001 0.490234375 0.4140625000000001 0.490234375 0.4365234375000001 0.5009765625 0.4365234375000001