40 0.21484375000000006 0.5107421875 0.20019531250000006 0.5107421875 0.20019531250000006 0.5458984375 0.21484375000000006 0.5458984375
40 0.23535156250000006 0.509765625 0.22070312500000006 0.509765625 0.22070312500000006 0.546875 0.23535156250000006 0.546875
40 0.2578125000000001 0.509765625 0.24121093750000006 0.509765625 0.24121093750000006 0.5478515625 0.2578125000000001 0.5478515625
34 0.2880859375000001 0.5107421875 0.2724609375000001 0.5107421875 0.2724609375000001 0.5478515625 0.2880859375000001 0.5478515625
28 0.3105468750000001 0.5126953125 0.2939453125000001 0.5126953125 0.2939453125000001 0.5498046875 0.3105468750000001 0.5498046875
30 0.3330078125000001 0.513671875 0.3154296875000001 0.513671875 0.3154296875000001 0.55078125 0.3330078125000001 0.55078125
23 0.3544921875000001 0.513671875 0.3369140625000001 0.513671875 0.3369140625000001 0.55078125 0.3544921875000001 0.55078125
24 0.3867187500000001 0.5166015625 0.3691406250000001 0.5166015625 0.3691406250000001 0.552734375 0.3867187500000001 0.552734375
23 0.4208984375000001 0.515625 0.4033203125000001 0.515625 0.4033203125000001 0.5537109375 0.4208984375000001 0.5537109375
26 0.4433593750000001 0.517578125 0.4248046875000001 0.517578125 0.4248046875000001 0.5556640625 0.4433593750000001 0.5556640625
44 0.4667968750000001 0.515625 0.4492187500000001 0.515625 0.4492187500000001 0.556640625 0.4667968750000001 0.556640625
53 0.4902343750000001 0.517578125 0.4726562500000001 0.517578125 0.4726562500000001 0.5576171875 0.4902343750000001 0.5576171875
49 0.515625 0.5185546875 0.4960937500000001 0.5185546875 0.4960937500000001 0.5576171875 0.515625 0.5576171875
19 0.537109375 0.5185546875 0.51953125 0.5185546875 0.51953125 0.556640625 0.537109375 0.556640625
52 0.5634765625 0.5185546875 0.544921875 0.5185546875 0.544921875 0.55859375 0.5634765625 0.55859375
19 0.599609375 0.51953125 0.5810546875 0.51953125 0.5810546875 0.5595703125 0.599609375 0.5595703125
41 0.6279296875 0.5205078125 0.6064453125 0.5205078125 0.6064453125 0.5634765625 0.6279296875 0.5634765625
46 0.6533203125 0.51953125 0.6337890625 0.51953125 0.6337890625 0.5625 0.6533203125 0.5625
26 0.6806640625 0.5224609375 0.6591796875 0.5224609375 0.6591796875 0.56640625 0.6806640625 0.56640625
33 0.708984375 0.5234375 0.6875 0.5234375 0.6875 0.5654296875 0.708984375 0.5654296875
19 0.736328125 0.5234375 0.7138671875 0.5234375 0.7138671875 0.5673828125 0.736328125 0.5673828125
35 0.765625 0.5244140625 0.7421875 0.5244140625 0.7421875 0.5693359375 0.765625 0.5693359375
19 0.2998046875000001 0.5634765625 0.2832031250000001 0.5634765625 0.2832031250000001 0.59765625 0.2998046875000001 0.59765625
41 0.3203125000000001 0.5654296875 0.3046875000000001 0.5654296875 0.3046875000000001 0.6025390625 0.3203125000000001 0.6025390625
46 0.3427734375000001 0.5634765625 0.3261718750000001 0.5634765625 0.3261718750000001 0.6015625 0.3427734375000001 0.6015625
26 0.3652343750000001 0.564453125 0.3496093750000001 0.564453125 0.3496093750000001 0.6025390625 0.3652343750000001 0.6025390625
22 0.3876953125000001 0.5654296875 0.3710937500000001 0.5654296875 0.3710937500000001 0.603515625 0.3876953125000001 0.603515625
39 0.4101562500000001 0.56640625 0.3925781250000001 0.56640625 0.3925781250000001 0.6044921875 0.4101562500000001 0.6044921875
32 0.4335937500000001 0.5673828125 0.4160156250000001 0.5673828125 0.4160156250000001 0.6083984375 0.4335937500000001 0.6083984375
31 0.4560546875000001 0.5703125 0.4375000000000001 0.5703125 0.4375000000000001 0.609375 0.4560546875000001 0.609375
41 0.4912109375000001 0.5712890625 0.4736328125000001 0.5712890625 0.4736328125000001 0.611328125 0.4912109375000001 0.611328125
51 0.5146484375 0.5712890625 0.4970703125000001 0.5712890625 0.4970703125000001 0.61328125 0.5146484375 0.61328125
39 0.5390625 0.5732421875 0.521484375 0.5732421875 0.521484375 0.6123046875 0.5390625 0.6123046875
33 0.5634765625 0.5732421875 0.544921875 0.5732421875 0.544921875 0.615234375 0.5634765625 0.615234375
46 0.5888671875 0.5771484375 0.5703125 0.5771484375 0.5703125 0.6171875 0.5888671875 0.6171875
42 0.20019531250000006 0.6083984375 0.18457031250000006 0.6083984375 0.18457031250000006 0.646484375 0.20019531250000006 0.646484375
26 0.22167968750000006 0.6103515625 0.20605468750000006 0.6103515625 0.20605468750000006 0.6484375 0.22167968750000006 0.6484375
29 0.24218750000000006 0.6123046875 0.22656250000000006 0.6123046875 0.22656250000000006 0.6494140625 0.24218750000000006 0.6494140625
30 0.2626953125000001 0.61328125 0.24804687500000006 0.61328125 0.24804687500000006 0.6474609375 0.2626953125000001 0.6474609375
37 0.2851562500000001 0.6162109375 0.2685546875000001 0.6162109375 0.2685546875000001 0.65234375 0.2851562500000001 0.65234375
42 0.3164062500000001 0.6162109375 0.3007812500000001 0.6162109375 0.3007812500000001 0.6533203125 0.3164062500000001 0.6533203125
19 0.3388671875000001 0.6181640625 0.3212890625000001 0.6181640625 0.3212890625000001 0.6533203125 0.3388671875000001 0.6533203125
20 0.3593750000000001 0.6181640625 0.3417968750000001 0.6181640625 0.3417968750000001 0.6572265625 0.3593750000000001 0.6572265625
40 0.3837890625000001 0.6181640625 0.3652343750000001 0.6181640625 0.3652343750000001 0.6572265625 0.3837890625000001 0.6572265625
46 0.4052734375000001 0.62109375 0.3876953125000001 0.62109375 0.3876953125000001 0.6591796875 0.4052734375000001 0.6591796875
32 0.4277343750000001 0.62109375 0.4101562500000001 0.62109375 0.4101562500000001 0.66015625 0.4277343750000001 0.66015625
43 0.4609375000000001 0.623046875 0.4433593750000001 0.623046875 0.4433593750000001 0.6630859375 0.4609375000000001 0.6630859375
47 0.5205078125 0.6279296875 0.5029296875 0.6279296875 0.5029296875 0.66796875 0.5205078125 0.66796875
23 0.6064453125 0.6337890625 0.587890625 0.6337890625 0.587890625 0.677734375 0.6064453125 0.677734375
40 0.6337890625 0.6318359375 0.61328125 0.6318359375 0.61328125 0.6767578125 0.6337890625 0.6767578125
47 0.7265625 0.6396484375 0.705078125 0.6396484375 0.705078125 0.6845703125 0.7265625 0.6845703125
20 0.24023437500000008 0.662109375 0.22460937500000006 0.662109375 0.22460937500000008 0.6962890625 0.2402343750000001 0.6962890625
26 0.2636718750000001 0.662109375 0.24707031250000006 0.662109375 0.24707031250000008 0.697265625 0.2636718750000001 0.697265625
54 0.2841796875000001 0.6640625 0.2685546875000001 0.6640625 0.2685546875000001 0.703125 0.2841796875000001 0.703125
41 0.3154296875000001 0.666015625 0.2988281250000001 0.666015625 0.2988281250000001 0.703125 0.3154296875000001 0.703125
26 0.3359375000000001 0.6689453125 0.3203125000000001 0.6689453125 0.3203125000000001 0.7060546875 0.3359375000000001 0.7060546875
42 0.3593750000000001 0.669921875 0.3417968750000001 0.669921875 0.3417968750000001 0.708984375 0.3593750000000001 0.708984375
26 0.3828125000000001 0.669921875 0.3642578125000001 0.669921875 0.3642578125000001 0.7099609375 0.3828125000000001 0.7099609375
42 0.4033203125000001 0.6728515625 0.3867187500000001 0.6728515625 0.3867187500000001 0.7109375 0.4033203125000001 0.7109375
32 0.4267578125000001 0.673828125 0.4091796875000001 0.673828125 0.4091796875000001 0.712890625 0.4267578125000001 0.712890625
49 0.4501953125000001 0.6767578125 0.4326171875000001 0.6767578125 0.4326171875000001 0.7158203125 0.4501953125000001 0.7158203125
19 0.4716796875000001 0.6787109375 0.4541015625000001 0.6787109375 0.4541015625000001 0.71484375 0.4716796875000001 0.71484375
30 0.5078125 0.681640625 0.4892578125000001 0.681640625 0.4892578125000001 0.720703125 0.5078125 0.720703125
49 0.5439453125 0.685546875 0.5263671875 0.685546875 0.5263671875 0.7265625 0.5439453125 0.7265625
32 0.5703125 0.6845703125 0.5498046875 0.6845703125 0.5498046875 0.7265625 0.5703125 0.7265625
50 0.59375 0.689453125 0.57421875 0.689453125 0.57421875 0.73046875 0.59375 0.73046875
40 0.6201171875 0.6904296875 0.599609375 0.6904296875 0.599609375 0.732421875 0.6201171875 0.732421875
23 0.646484375 0.6923828125 0.6259765625 0.6923828125 0.6259765625 0.736328125 0.646484375 0.736328125
39 0.671875 0.6943359375 0.6513671875 0.6943359375 0.6513671875 0.73828125 0.671875 0.73828125
32 0.7001953125 0.697265625 0.6787109375 0.697265625 0.6787109375 0.7412109375 0.7001953125 0.7412109375
50 0.728515625 0.701171875 0.7060546875 0.701171875 0.7060546875 0.7490234375 0.728515625 0.7490234375