49 0.4033203125 0.3896484375 0.392578125 0.3896484375 0.392578125 0.4130859375 0.4033203125 0.4130859375
32 0.4189453125 0.3896484375 0.408203125 0.3896484375 0.408203125 0.4130859375 0.4189453125 0.4130859375
54 0.43359375 0.390625 0.4228515625 0.390625 0.4228515625 0.4140625 0.43359375 0.4140625
40 0.4482421875 0.390625 0.4375 0.390625 0.4375 0.4140625 0.4482421875 0.4140625
49 0.4638671875 0.39160156250000006 0.4521484375 0.3916015625 0.4521484375 0.41503906250000006 0.4638671875 0.4150390625000001
41 0.4931640625 0.3916015625000001 0.482421875 0.3916015625000001 0.482421875 0.4150390625000001 0.4931640625 0.4150390625000001
26 0.5068359375 0.3925781250000001 0.4970703125 0.3925781250000001 0.4970703125 0.4150390625000001 0.5068359375 0.4150390625000001
42 0.521484375 0.3925781250000001 0.509765625 0.3925781250000001 0.509765625 0.4150390625000001 0.521484375 0.4150390625000001
43 0.5361328125 0.3935546875000001 0.5244140625 0.3935546875000001 0.5244140625 0.4160156250000001 0.5361328125 0.4160156250000001
40 0.548828125 0.3935546875000001 0.5390625 0.3935546875000001 0.5390625 0.4150390625000001 0.548828125 0.4150390625000001
39 0.5634765625 0.3935546875000001 0.552734375 0.3935546875000001 0.552734375 0.4160156250000001 0.5634765625 0.4160156250000001
19 0.5771484375 0.3935546875000001 0.5673828125 0.3935546875000001 0.5673828125 0.4160156250000001 0.5771484375 0.4160156250000001
36 0.591796875 0.3935546875000001 0.5810546875 0.3935546875000001 0.5810546875 0.4160156250000001 0.591796875 0.4160156250000001
19 0.60546875 0.3935546875000001 0.5947265625 0.3935546875000001 0.5947265625 0.4160156250000001 0.60546875 0.4160156250000001
47 0.6181640625 0.3945312500000001 0.607421875 0.3945312500000001 0.607421875 0.4160156250000001 0.6181640625 0.4160156250000001
41 0.404296875 0.421875 0.392578125 0.421875 0.392578125 0.4453125 0.404296875 0.4453125
40 0.4189453125 0.4228515625 0.4072265625 0.4228515625 0.4072265625 0.4453125 0.4189453125 0.4453125
23 0.43359375 0.4228515625 0.4228515625 0.4228515625 0.4228515625 0.4453125 0.43359375 0.4453125
54 0.462890625 0.42382812500000006 0.451171875 0.423828125 0.451171875 0.44726562500000006 0.462890625 0.4472656250000001
39 0.4775390625 0.4238281250000001 0.4658203125 0.4238281250000001 0.4658203125 0.4462890625000001 0.4775390625 0.4462890625000001
19 0.4921875 0.4248046875000001 0.4814453125 0.4248046875000001 0.4814453125 0.4462890625000001 0.4921875 0.4462890625000001
33 0.505859375 0.4248046875000001 0.4951171875 0.4248046875000001 0.4951171875 0.4462890625000001 0.505859375 0.4462890625000001
40 0.5205078125 0.4248046875000001 0.509765625 0.4248046875000001 0.509765625 0.4472656250000001 0.5205078125 0.4472656250000001
37 0.53515625 0.4238281250000001 0.5234375 0.4238281250000001 0.5234375 0.4472656250000001 0.53515625 0.4472656250000001