49 0.4082031250000001 0.498046875 0.3984375000000001 0.498046875 0.3984375000000001 0.51953125 0.4082031250000001 0.51953125
32 0.4218750000000001 0.4990234375 0.4111328125000001 0.4990234375 0.4111328125000001 0.5205078125 0.4218750000000001 0.5205078125
54 0.4355468750000001 0.4990234375 0.4248046875000001 0.4990234375 0.4248046875000001 0.5205078125 0.4355468750000001 0.5205078125
40 0.4492187500000001 0.5 0.4384765625000001 0.5 0.4384765625000001 0.5205078125 0.4492187500000001 0.5205078125
49 0.4628906250000001 0.5009765625 0.4521484375000001 0.5009765625 0.4521484375000001 0.5224609375 0.4628906250000001 0.5224609375
41 0.4912109375000001 0.501953125 0.4804687500000001 0.501953125 0.4804687500000001 0.5234375 0.4912109375000001 0.5234375
26 0.5048828125 0.501953125 0.4941406250000001 0.501953125 0.4941406250000001 0.5244140625 0.5048828125 0.5244140625
42 0.5185546875 0.5029296875 0.5078125 0.5029296875 0.5078125 0.5244140625 0.5185546875 0.5244140625
43 0.533203125 0.50390625 0.5224609375 0.50390625 0.5224609375 0.525390625 0.533203125 0.525390625
40 0.546875 0.5048828125 0.5361328125 0.5048828125 0.5361328125 0.5263671875 0.546875 0.5263671875
39 0.5615234375 0.50390625 0.55078125 0.50390625 0.55078125 0.5263671875 0.5615234375 0.5263671875
19 0.5751953125 0.5048828125 0.564453125 0.5048828125 0.564453125 0.5263671875 0.5751953125 0.5263671875
36 0.58984375 0.505859375 0.578125 0.505859375 0.578125 0.5283203125 0.58984375 0.5283203125
19 0.6044921875 0.505859375 0.59375 0.505859375 0.59375 0.52734375 0.6044921875 0.52734375
47 0.6181640625 0.505859375 0.607421875 0.505859375 0.607421875 0.5283203125 0.6181640625 0.5283203125
41 0.4072265625000001 0.52734375 0.3974609375000001 0.52734375 0.3974609375000001 0.548828125 0.4072265625000001 0.548828125
40 0.4218750000000001 0.5283203125 0.4111328125000001 0.5283203125 0.4111328125000001 0.5498046875 0.4218750000000001 0.5498046875
23 0.4355468750000001 0.5283203125 0.4257812500000001 0.5283203125 0.4257812500000001 0.55078125 0.4355468750000001 0.55078125
54 0.4628906250000001 0.5302734375 0.4531250000000001 0.5302734375 0.4531250000000001 0.5517578125 0.4628906250000001 0.5517578125
39 0.4775390625000001 0.53125 0.4667968750000001 0.53125 0.4667968750000001 0.552734375 0.4775390625000001 0.552734375
19 0.4912109375000001 0.5322265625 0.4804687500000001 0.5322265625 0.4804687500000001 0.5537109375 0.4912109375000001 0.5537109375
33 0.50390625 0.5322265625 0.4941406250000001 0.5322265625 0.4941406250000001 0.5537109375 0.50390625 0.5537109375
40 0.5185546875 0.533203125 0.5078125 0.533203125 0.5078125 0.5546875 0.5185546875 0.5546875
37 0.5322265625 0.533203125 0.521484375 0.533203125 0.521484375 0.5546875 0.5322265625 0.5546875