40 0.2617187500000001 0.77734375 0.2480468750000001 0.77734375 0.2480468750000001 0.8056640625 0.2617187500000001 0.8056640625
40 0.2802734375000001 0.7763671875 0.2656250000000001 0.7763671875 0.2656250000000001 0.8046875 0.2802734375000001 0.8046875
40 0.2968750000000001 0.7744140625 0.2832031250000001 0.7744140625 0.2832031250000001 0.8046875 0.2968750000000001 0.8046875
34 0.3251953125000001 0.7724609375 0.3105468750000001 0.7724609375 0.3105468750000001 0.802734375 0.3251953125000001 0.802734375
28 0.3427734375000001 0.7724609375 0.3271484375000001 0.7724609375 0.3271484375000001 0.8037109375 0.3427734375000001 0.8037109375
30 0.3603515625000001 0.771484375 0.3466796875000001 0.771484375 0.3466796875000001 0.8017578125 0.3603515625000001 0.8017578125
23 0.3798828125000001 0.7705078125 0.3652343750000001 0.7705078125 0.3652343750000001 0.8017578125 0.3798828125000001 0.8017578125
24 0.4082031250000001 0.771484375 0.3935546875000001 0.771484375 0.3935546875000001 0.7998046875 0.4082031250000001 0.7998046875
23 0.4355468750000001 0.767578125 0.4208984375000001 0.767578125 0.4208984375000001 0.7998046875 0.4355468750000001 0.7998046875
26 0.4560546875000001 0.767578125 0.4404296875000001 0.767578125 0.4404296875000001 0.7978515625 0.4560546875000001 0.7978515625
44 0.4765625000000001 0.767578125 0.4599609375000001 0.767578125 0.4599609375000001 0.7978515625 0.4765625000000001 0.7978515625
53 0.4960937500000001 0.7666015625 0.4804687500000001 0.7666015625 0.4804687500000001 0.796875 0.4960937500000001 0.796875
49 0.5166015625 0.765625 0.5009765625 0.765625 0.5009765625 0.7958984375 0.5166015625 0.7958984375
19 0.53515625 0.7646484375 0.51953125 0.7646484375 0.51953125 0.794921875 0.53515625 0.794921875
52 0.5576171875 0.7646484375 0.541015625 0.7646484375 0.541015625 0.796875 0.5576171875 0.796875
19 0.587890625 0.763671875 0.572265625 0.763671875 0.572265625 0.7939453125 0.587890625 0.7939453125
41 0.609375 0.76171875 0.59375 0.76171875 0.59375 0.794921875 0.609375 0.794921875
46 0.6318359375 0.7626953125 0.6162109375 0.7626953125 0.6162109375 0.7939453125 0.6318359375 0.7939453125
26 0.654296875 0.7626953125 0.6376953125 0.7626953125 0.6376953125 0.794921875 0.654296875 0.794921875
33 0.677734375 0.7626953125 0.6611328125 0.7626953125 0.6611328125 0.79296875 0.677734375 0.79296875
19 0.69921875 0.7626953125 0.68359375 0.7626953125 0.68359375 0.79296875 0.69921875 0.79296875
35 0.724609375 0.7626953125 0.7099609375 0.7626953125 0.7099609375 0.7939453125 0.724609375 0.7939453125
46 0.5830078125 0.810546875 0.568359375 0.810546875 0.568359375 0.8427734375 0.5830078125 0.8427734375
33 0.5625 0.810546875 0.5458984375 0.810546875 0.5458984375 0.841796875 0.5625 0.841796875
39 0.541015625 0.8115234375 0.525390625 0.8115234375 0.525390625 0.8427734375 0.541015625 0.8427734375
51 0.5205078125 0.8125 0.5048828125 0.8125 0.5048828125 0.84375 0.5205078125 0.84375
41 0.4980468750000001 0.8125 0.4843750000000001 0.8125 0.4843750000000001 0.8427734375 0.4980468750000001 0.8427734375
19 0.3349609375000001 0.8154296875 0.3222656250000001 0.8154296875 0.3222656250000001 0.8447265625 0.3349609375000001 0.8447265625
41 0.3535156250000001 0.8154296875 0.3398437500000001 0.8154296875 0.3398437500000001 0.845703125 0.3535156250000001 0.845703125
46 0.3740234375000001 0.8154296875 0.3603515625000001 0.8154296875 0.3603515625000001 0.845703125 0.3740234375000001 0.845703125
26 0.3916015625000001 0.8134765625 0.3789062500000001 0.8134765625 0.3789062500000001 0.8427734375 0.3916015625000001 0.8427734375
22 0.4111328125000001 0.814453125 0.3964843750000001 0.814453125 0.3964843750000001 0.84375 0.4111328125000001 0.84375
39 0.4306640625000001 0.8134765625 0.4150390625000001 0.8134765625 0.4150390625000001 0.8427734375 0.4306640625000001 0.8427734375
32 0.4521484375000001 0.8134765625 0.4365234375000001 0.8134765625 0.4365234375000001 0.8447265625 0.4521484375000001 0.8447265625
31 0.4707031250000001 0.814453125 0.4550781250000001 0.814453125 0.4550781250000001 0.8427734375 0.4707031250000001 0.8427734375
42 0.2568359375000001 0.861328125 0.2412109375000001 0.861328125 0.2412109375000001 0.8916015625 0.2568359375000001 0.8916015625
26 0.2734375000000001 0.8603515625 0.2587890625000001 0.8603515625 0.2587890625000001 0.8916015625 0.2734375000000001 0.8916015625
29 0.2910156250000001 0.861328125 0.2773437500000001 0.861328125 0.2773437500000001 0.8916015625 0.2910156250000001 0.8916015625
30 0.3085937500000001 0.8603515625 0.2958984375000001 0.8603515625 0.2958984375000001 0.8896484375 0.3085937500000001 0.8896484375
37 0.3271484375000001 0.8603515625 0.3134765625000001 0.8603515625 0.3134765625000001 0.8896484375 0.3271484375000001 0.8896484375
42 0.3544921875000001 0.8603515625 0.3398437500000001 0.8603515625 0.3398437500000001 0.890625 0.3544921875000001 0.890625
19 0.3720703125000001 0.859375 0.3574218750000001 0.859375 0.3574218750000001 0.8896484375 0.3720703125000001 0.8896484375
20 0.3916015625000001 0.859375 0.3759765625000001 0.859375 0.3759765625000001 0.888671875 0.3916015625000001 0.888671875
40 0.4101562500000001 0.859375 0.3955078125000001 0.859375 0.3955078125000001 0.8896484375 0.4101562500000001 0.8896484375
46 0.4296875000000001 0.8583984375 0.4150390625000001 0.8583984375 0.4150390625000001 0.8896484375 0.4296875000000001 0.8896484375
32 0.4501953125000001 0.859375 0.4345703125000001 0.859375 0.4345703125000001 0.8896484375 0.4501953125000001 0.8896484375
43 0.4775390625000001 0.8583984375 0.4628906250000001 0.8583984375 0.4628906250000001 0.8896484375 0.4775390625000001 0.8896484375
47 0.529296875 0.857421875 0.513671875 0.857421875 0.513671875 0.890625 0.529296875 0.890625
23 0.6015625 0.8583984375 0.5859375 0.8583984375 0.5859375 0.8896484375 0.6015625 0.8896484375
40 0.623046875 0.8583984375 0.607421875 0.8583984375 0.607421875 0.8916015625 0.623046875 0.8916015625
47 0.7021484375 0.859375 0.685546875 0.859375 0.685546875 0.892578125 0.7021484375 0.892578125
20 0.2929687500000001 0.904296875 0.2792968750000001 0.904296875 0.2792968750000001 0.931640625 0.2929687500000001 0.931640625
26 0.3115234375000001 0.904296875 0.2968750000000001 0.904296875 0.2968750000000001 0.9326171875 0.3115234375000001 0.9326171875
54 0.3300781250000001 0.904296875 0.3154296875000001 0.904296875 0.3154296875000001 0.93359375 0.3300781250000001 0.93359375
41 0.3554687500000001 0.904296875 0.3427734375000001 0.904296875 0.3427734375000001 0.9326171875 0.3554687500000001 0.9326171875
26 0.3750000000000001 0.904296875 0.3603515625000001 0.904296875 0.3603515625000001 0.9326171875 0.3750000000000001 0.9326171875
42 0.3945312500000001 0.9052734375 0.3789062500000001 0.9052734375 0.3789062500000001 0.9345703125 0.3945312500000001 0.9345703125
26 0.4130859375000001 0.904296875 0.3984375000000001 0.904296875 0.3984375000000001 0.93359375 0.4130859375000001 0.93359375
42 0.4326171875000001 0.904296875 0.4169921875000001 0.904296875 0.4169921875000001 0.9345703125 0.4326171875000001 0.9345703125
32 0.4521484375000001 0.9052734375 0.4375000000000001 0.9052734375 0.4375000000000001 0.9345703125 0.4521484375000001 0.9345703125
49 0.4726562500000001 0.9052734375 0.4570312500000001 0.9052734375 0.4570312500000001 0.935546875 0.4726562500000001 0.935546875
19 0.4921875000000001 0.904296875 0.4765625000000001 0.904296875 0.4765625000000001 0.9345703125 0.4921875000000001 0.9345703125
30 0.5205078125000001 0.9052734375 0.505859375 0.9052734375 0.5058593750000001 0.935546875 0.5205078125000002 0.935546875
49 0.5527343750000001 0.90625 0.537109375 0.90625 0.5371093750000001 0.9365234375 0.5527343750000002 0.9365234375
32 0.5732421875000001 0.90625 0.5576171875 0.90625 0.5576171875000001 0.9375 0.5732421875000002 0.9375
50 0.5937500000000002 0.9072265625 0.5791015625000002 0.9072265625 0.5791015625000002 0.9375 0.5937500000000002 0.9375
40 0.6162109375000002 0.9072265625 0.5996093750000002 0.9072265625 0.5996093750000002 0.9375 0.6162109375000002 0.9375
23 0.6376953125000002 0.9072265625 0.6210937500000002 0.9072265625 0.6210937500000002 0.9375 0.6376953125000002 0.9375
39 0.6601562500000002 0.908203125 0.6435546875000002 0.908203125 0.6435546875000002 0.939453125 0.6601562500000002 0.939453125
32 0.6845703125000002 0.91015625 0.6679687500000002 0.91015625 0.6679687500000002 0.9404296875 0.6845703125000002 0.9404296875
50 0.7050781250000002 0.91015625 0.6894531250000002 0.91015625 0.6894531250000002 0.9423828125 0.7050781250000002 0.9423828125