33 0.19140625000000006 0.28515625 0.18457031250000006 0.28515625 0.18457031250000006 0.2978515625 0.19140625000000006 0.2978515625
40 0.19824218750000006 0.2841796875 0.19140625000000006 0.2841796875 0.19140625000000006 0.296875 0.19824218750000006 0.296875
37 0.20507812500000006 0.283203125 0.19921875000000006 0.283203125 0.19921875000000006 0.296875 0.20507812500000006 0.296875
41 0.21289062500000006 0.283203125 0.20703125000000006 0.283203125 0.20703125000000006 0.2958984375 0.21289062500000006 0.2958984375
38 0.22070312500000006 0.28125 0.21386718750000006 0.28125 0.21386718750000006 0.294921875 0.22070312500000006 0.294921875
48 0.22753906250000006 0.28125 0.22167968750000006 0.28125 0.22167968750000006 0.294921875 0.22753906250000006 0.294921875
46 0.23535156250000006 0.28125 0.22949218750000006 0.28125 0.22949218750000006 0.2939453125 0.23535156250000006 0.2939453125
26 0.24218750000000006 0.2802734375 0.23632812500000006 0.2802734375 0.23632812500000006 0.29296875 0.24218750000000006 0.29296875
42 0.25 0.279296875 0.24414062500000006 0.279296875 0.24414062500000006 0.2919921875 0.25 0.2919921875
39 0.2578125 0.2783203125 0.2509765625 0.2783203125 0.2509765625 0.2919921875 0.2578125 0.2919921875
32 0.2646484375 0.2783203125 0.2587890625 0.2783203125 0.2587890625 0.291015625 0.2646484375 0.291015625
31 0.2724609375 0.27734375 0.265625 0.27734375 0.265625 0.2900390625 0.2724609375 0.2900390625
33 0.283203125 0.2763671875 0.2763671875 0.2763671875 0.2763671875 0.2890625 0.283203125 0.2890625
36 0.2919921875 0.275390625 0.2841796875 0.275390625 0.2841796875 0.2900390625 0.2919921875 0.2900390625
19 0.298828125 0.275390625 0.29296875 0.275390625 0.29296875 0.2880859375 0.298828125 0.2880859375
43 0.306640625 0.2744140625 0.2998046875 0.2744140625 0.2998046875 0.2880859375 0.306640625 0.2880859375
43 0.314453125 0.2734375 0.306640625 0.2734375 0.306640625 0.287109375 0.314453125 0.287109375
51 0.14453125000000006 0.3056640625 0.13769531250000006 0.3056640625 0.13769531250000006 0.3193359375 0.14453125000000006 0.3193359375
22 0.15136718750000006 0.3046875 0.14550781250000006 0.3046875 0.14550781250000006 0.318359375 0.15136718750000006 0.318359375
26 0.15917968750000006 0.3037109375 0.15332031250000006 0.3037109375 0.15332031250000006 0.318359375 0.15917968750000006 0.318359375
20 0.16601562500000006 0.3037109375 0.16015625000000006 0.3037109375 0.16015625000000006 0.3173828125 0.16601562500000006 0.3173828125
39 0.17382812500000006 0.302734375 0.16699218750000006 0.302734375 0.16699218750000006 0.31640625 0.17382812500000006 0.31640625
19 0.18066406250000006 0.302734375 0.17480468750000006 0.302734375 0.17480468750000006 0.31640625 0.18066406250000006 0.31640625
52 0.18750000000000006 0.3017578125 0.18164062500000006 0.3017578125 0.18164062500000006 0.3154296875 0.18750000000000006 0.3154296875
19 0.19824218750000006 0.30078125 0.19238281250000006 0.30078125 0.19238281250000006 0.3154296875 0.19824218750000006 0.3154296875
51 0.20605468750000006 0.2998046875 0.19921875000000006 0.2998046875 0.19921875000000006 0.314453125 0.20605468750000006 0.314453125
23 0.21289062500000006 0.2998046875 0.20703125000000006 0.2998046875 0.20703125000000006 0.3134765625 0.21289062500000006 0.3134765625
30 0.21972656250000006 0.298828125 0.21386718750000006 0.298828125 0.21386718750000006 0.3125 0.21972656250000006 0.3125
46 0.22753906250000006 0.298828125 0.22070312500000006 0.298828125 0.22070312500000006 0.3125 0.22753906250000006 0.3125
40 0.23437500000000006 0.2978515625 0.22851562500000006 0.2978515625 0.22851562500000006 0.310546875 0.23437500000000006 0.310546875
42 0.24218750000000006 0.296875 0.23632812500000006 0.296875 0.23632812500000006 0.310546875 0.24218750000000006 0.310546875
30 0.25 0.2958984375 0.24316406250000006 0.2958984375 0.24316406250000006 0.310546875 0.25 0.310546875
52 0.2568359375 0.2958984375 0.2509765625 0.2958984375 0.2509765625 0.3095703125 0.2568359375 0.3095703125
23 0.267578125 0.2939453125 0.26171875 0.2939453125 0.26171875 0.30859375 0.267578125 0.30859375
36 0.275390625 0.294921875 0.26953125 0.294921875 0.26953125 0.30859375 0.275390625 0.30859375
52 0.283203125 0.29296875 0.2763671875 0.29296875 0.2763671875 0.3076171875 0.283203125 0.3076171875
41 0.294921875 0.2919921875 0.2880859375 0.2919921875 0.2880859375 0.306640625 0.294921875 0.306640625
42 0.3017578125 0.2919921875 0.2958984375 0.2919921875 0.2958984375 0.3056640625 0.3017578125 0.3056640625
40 0.3095703125 0.291015625 0.302734375 0.291015625 0.302734375 0.3046875 0.3095703125 0.3046875
49 0.3173828125 0.291015625 0.310546875 0.291015625 0.310546875 0.3046875 0.3173828125 0.3046875
26 0.3251953125 0.2890625 0.318359375 0.2890625 0.318359375 0.3037109375 0.3251953125 0.3037109375
23 0.33203125 0.2890625 0.326171875 0.2890625 0.326171875 0.302734375 0.33203125 0.302734375
26 0.33984375 0.2880859375 0.333984375 0.2880859375 0.333984375 0.302734375 0.33984375 0.302734375
39 0.34765625 0.287109375 0.3408203125 0.287109375 0.3408203125 0.3017578125 0.34765625 0.3017578125
30 0.35546875 0.287109375 0.3486328125 0.287109375 0.3486328125 0.3017578125 0.35546875 0.3017578125
52 0.3642578125 0.287109375 0.357421875 0.287109375 0.357421875 0.3017578125 0.3642578125 0.3017578125
36 0.07519531250000004 0.3291015625 0.06933593750000003 0.3291015625 0.06933593750000004 0.341796875 0.07519531250000006 0.341796875
19 0.08203125000000004 0.328125 0.07617187500000003 0.328125 0.07617187500000004 0.3408203125 0.08203125000000006 0.3408203125
20 0.08886718750000003 0.3271484375 0.08300781250000003 0.3271484375 0.08300781250000003 0.33984375 0.08886718750000003 0.33984375
40 0.09570312500000003 0.3271484375 0.08984375000000003 0.3271484375 0.08984375000000003 0.33984375 0.09570312500000003 0.33984375
42 0.10351562500000003 0.326171875 0.09667968750000003 0.326171875 0.09667968750000003 0.33984375 0.10351562500000003 0.33984375
19 0.11035156250000003 0.3251953125 0.10449218750000003 0.3251953125 0.10449218750000003 0.337890625 0.11035156250000003 0.337890625
46 0.11718750000000003 0.3251953125 0.11132812500000003 0.3251953125 0.11132812500000003 0.3388671875 0.11718750000000003 0.3388671875
40 0.12500000000000006 0.32421875 0.11914062500000003 0.32421875 0.11914062500000003 0.3369140625 0.12500000000000006 0.3369140625
42 0.13183593750000006 0.3232421875 0.12597656250000006 0.3232421875 0.12597656250000006 0.3369140625 0.13183593750000006 0.3369140625
39 0.13867187500000006 0.3232421875 0.13281250000000006 0.3232421875 0.13281250000000006 0.3369140625 0.13867187500000006 0.3369140625
32 0.14550781250000006 0.322265625 0.13964843750000006 0.322265625 0.13964843750000006 0.3359375 0.14550781250000006 0.3359375
50 0.15332031250000006 0.3212890625 0.14746093750000006 0.3212890625 0.14746093750000006 0.3349609375 0.15332031250000006 0.3349609375
55 0.16015625000000006 0.322265625 0.15429687500000006 0.322265625 0.15429687500000006 0.3349609375 0.16015625000000006 0.3349609375
41 0.17089843750000006 0.3203125 0.16503906250000006 0.3203125 0.16503906250000006 0.3330078125 0.17089843750000006 0.3330078125
42 0.17871093750000006 0.3193359375 0.17285156250000006 0.3193359375 0.17285156250000006 0.3330078125 0.17871093750000006 0.3330078125
19 0.18554687500000006 0.3193359375 0.17871093750000006 0.3193359375 0.17871093750000006 0.33203125 0.18554687500000006 0.33203125
33 0.19238281250000006 0.318359375 0.18652343750000006 0.318359375 0.18652343750000006 0.33203125 0.19238281250000006 0.33203125
46 0.20019531250000006 0.318359375 0.19433593750000006 0.318359375 0.19433593750000006 0.33203125 0.20019531250000006 0.33203125
30 0.20703125000000006 0.3173828125 0.20117187500000006 0.3173828125 0.20117187500000006 0.3310546875 0.20703125000000006 0.3310546875
22 0.21484375000000006 0.31640625 0.20898437500000006 0.31640625 0.20898437500000006 0.330078125 0.21484375000000006 0.330078125
26 0.22167968750000006 0.31640625 0.21582031250000006 0.31640625 0.21582031250000006 0.330078125 0.22167968750000006 0.330078125
43 0.22949218750000006 0.3154296875 0.22265625000000006 0.3154296875 0.22265625000000006 0.3291015625 0.22949218750000006 0.3291015625
33 0.23730468750000006 0.3154296875 0.23144531250000006 0.3154296875 0.23144531250000006 0.328125 0.23730468750000006 0.328125
30 0.24414062500000006 0.314453125 0.23828125000000006 0.314453125 0.23828125000000006 0.328125 0.24414062500000006 0.328125
50 0.251953125 0.3134765625 0.24511718750000006 0.3134765625 0.24511718750000006 0.3271484375 0.251953125 0.3271484375
30 0.2626953125 0.3125 0.255859375 0.3125 0.255859375 0.326171875 0.2626953125 0.326171875
43 0.2734375 0.3115234375 0.267578125 0.3115234375 0.267578125 0.3251953125 0.2734375 0.3251953125
19 0.28125 0.3115234375 0.2744140625 0.3115234375 0.2744140625 0.32421875 0.28125 0.32421875
37 0.2890625 0.310546875 0.2822265625 0.310546875 0.2822265625 0.3251953125 0.2890625 0.3251953125
40 0.2958984375 0.310546875 0.2900390625 0.310546875 0.2900390625 0.32421875 0.2958984375 0.32421875
43 0.3037109375 0.3095703125 0.2978515625 0.3095703125 0.2978515625 0.3232421875 0.3037109375 0.3232421875
46 0.3115234375 0.30859375 0.3056640625 0.30859375 0.3056640625 0.322265625 0.3115234375 0.322265625
40 0.3193359375 0.3076171875 0.3125 0.3076171875 0.3125 0.3212890625 0.3193359375 0.3212890625
52 0.3271484375 0.306640625 0.3203125 0.306640625 0.3203125 0.3212890625 0.3271484375 0.3212890625
46 0.3349609375 0.306640625 0.328125 0.306640625 0.328125 0.3203125 0.3349609375 0.3203125
26 0.341796875 0.3056640625 0.3359375 0.3056640625 0.3359375 0.3203125 0.341796875 0.3203125
36 0.3505859375 0.3046875 0.34375 0.3046875 0.34375 0.3193359375 0.3505859375 0.3193359375
38 0.357421875 0.3046875 0.3515625 0.3046875 0.3515625 0.3193359375 0.357421875 0.3193359375
39 0.3662109375 0.3037109375 0.359375 0.3037109375 0.359375 0.3173828125 0.3662109375 0.3173828125
32 0.3740234375 0.3037109375 0.3671875 0.3037109375 0.3671875 0.3173828125 0.3740234375 0.3173828125
50 0.3818359375 0.302734375 0.375 0.302734375 0.375 0.31640625 0.3818359375 0.31640625
54 0.3935546875 0.3017578125 0.38671875 0.3017578125 0.38671875 0.3154296875 0.3935546875 0.3154296875
19 0.400390625 0.30078125 0.39453125 0.30078125 0.39453125 0.3154296875 0.400390625 0.3154296875
39 0.408203125 0.2998046875 0.40234375 0.2998046875 0.40234375 0.3154296875 0.408203125 0.3154296875
52 0.4169921875 0.298828125 0.41015625 0.298828125 0.41015625 0.314453125 0.4169921875 0.314453125
46 0.4248046875 0.298828125 0.41796875 0.298828125 0.41796875 0.3134765625 0.4248046875 0.3134765625
30 0.4326171875 0.2978515625 0.42578125 0.2978515625 0.42578125 0.3134765625 0.4326171875 0.3134765625
31 0.44140625 0.2978515625 0.4345703125 0.2978515625 0.4345703125 0.3125 0.44140625 0.3125