49 0.41699218750000006 0.4345703125 0.404296875 0.4345703125 0.40429687500000006 0.4609375 0.4169921875000001 0.4609375
32 0.43554687500000006 0.43359375 0.421875 0.43359375 0.42187500000000006 0.4609375 0.4355468750000001 0.4609375
54 0.45214843750000006 0.4345703125 0.439453125 0.4345703125 0.43945312500000006 0.4609375 0.4521484375000001 0.4609375
40 0.46972656250000006 0.4345703125000001 0.45703125 0.4345703125000001 0.45703125000000006 0.4609375000000001 0.4697265625000001 0.4609375000000001
49 0.48632812500000006 0.4335937500000001 0.474609375 0.4335937500000001 0.47460937500000006 0.4609375000000001 0.4863281250000001 0.4609375000000001
41 0.5205078125 0.4345703125000001 0.5068359375 0.4345703125000001 0.5068359375 0.4609375000000001 0.5205078125 0.4609375000000001
26 0.5361328125 0.4345703125000001 0.5244140625 0.4345703125000001 0.5244140625 0.4609375000000001 0.5361328125 0.4609375000000001
42 0.5517578125 0.4345703125000001 0.5400390625 0.4345703125000001 0.5400390625 0.4609375000000001 0.5517578125 0.4609375000000001
43 0.568359375 0.4345703125000001 0.5556640625 0.4345703125000001 0.5556640625 0.4599609375000001 0.568359375 0.4599609375000001
40 0.583984375 0.4345703125000001 0.5712890625 0.4345703125000001 0.5712890625 0.4609375000000001 0.583984375 0.4609375000000001
39 0.599609375 0.4345703125000001 0.5869140625 0.4345703125000001 0.5869140625 0.4599609375000001 0.599609375 0.4599609375000001
19 0.615234375 0.4345703125000001 0.6025390625 0.4345703125000001 0.6025390625 0.4599609375000001 0.615234375 0.4599609375000001
36 0.6298828125 0.4345703125000001 0.6171875 0.4345703125000001 0.6171875 0.4599609375000001 0.6298828125 0.4599609375000001
19 0.64453125 0.4335937500000001 0.6328125 0.4335937500000001 0.6328125 0.4599609375000001 0.64453125 0.4599609375000001
47 0.658203125 0.4335937500000001 0.6474609375 0.4335937500000001 0.6474609375 0.4589843750000001 0.658203125 0.4589843750000001
41 0.4160156250000001 0.47265625 0.4033203125000001 0.47265625 0.4033203125000001 0.4990234375 0.4160156250000001 0.4990234375
40 0.4345703125000001 0.47265625 0.4218750000000001 0.47265625 0.4218750000000001 0.4990234375 0.4345703125000001 0.4990234375
23 0.4511718750000001 0.47265625 0.4384765625000001 0.47265625 0.4384765625000001 0.4990234375 0.4511718750000001 0.4990234375
54 0.4853515625000001 0.4726562500000001 0.4726562500000001 0.4726562500000001 0.4726562500000001 0.4980468750000001 0.4853515625000001 0.4980468750000001
39 0.501953125 0.4716796875000001 0.4892578125000001 0.4716796875000001 0.4892578125000001 0.4980468750000001 0.501953125 0.4980468750000001
19 0.5185546875 0.4716796875000001 0.5068359375 0.4716796875000001 0.5068359375 0.4970703125000001 0.5185546875 0.4970703125000001
33 0.5341796875 0.4726562500000001 0.5224609375 0.4726562500000001 0.5224609375 0.4970703125000001 0.5341796875 0.4970703125000001
40 0.55078125 0.4716796875000001 0.5390625 0.4716796875000001 0.5390625 0.4960937500000001 0.55078125 0.4960937500000001
37 0.56640625 0.4707031250000001 0.5537109375 0.4707031250000001 0.5537109375 0.4960937500000001 0.56640625 0.4960937500000001