40 0.2861328125000001 0.763671875 0.2714843750000001 0.763671875 0.2714843750000001 0.7919921875 0.2861328125000001 0.7919921875
40 0.3046875000000001 0.76171875 0.2900390625000001 0.76171875 0.2900390625000001 0.7900390625 0.3046875000000001 0.7900390625
40 0.3222656250000001 0.759765625 0.3085937500000001 0.759765625 0.3085937500000001 0.7890625 0.3222656250000001 0.7890625
34 0.3505859375000001 0.7568359375 0.3359375000000001 0.7568359375 0.3359375000000001 0.787109375 0.3505859375000001 0.787109375
28 0.3681640625000001 0.7548828125 0.3525390625000001 0.7548828125 0.3525390625000001 0.7861328125 0.3681640625000001 0.7861328125
30 0.3867187500000001 0.7529296875 0.3720703125000001 0.7529296875 0.3720703125000001 0.783203125 0.3867187500000001 0.783203125
23 0.4052734375000001 0.751953125 0.3906250000000001 0.751953125 0.3906250000000001 0.783203125 0.4052734375000001 0.783203125
24 0.4345703125000001 0.751953125 0.4199218750000001 0.751953125 0.4199218750000001 0.7802734375 0.4345703125000001 0.7802734375
23 0.4619140625000001 0.74609375 0.4462890625000001 0.74609375 0.4462890625000001 0.7783203125 0.4619140625000001 0.7783203125
26 0.4814453125000001 0.74609375 0.4658203125000001 0.74609375 0.4658203125000001 0.7763671875 0.4814453125000001 0.7763671875
44 0.5009765625 0.7451171875 0.4843750000000001 0.7451171875 0.4843750000000001 0.775390625 0.5009765625 0.775390625
53 0.5205078125 0.744140625 0.50390625 0.744140625 0.50390625 0.7744140625 0.5205078125 0.7744140625
49 0.541015625 0.7412109375 0.5244140625 0.7412109375 0.5244140625 0.771484375 0.541015625 0.771484375
19 0.55859375 0.7412109375 0.54296875 0.7412109375 0.54296875 0.771484375 0.55859375 0.771484375
52 0.580078125 0.7392578125 0.5634765625 0.7392578125 0.5634765625 0.771484375 0.580078125 0.771484375
19 0.609375 0.73828125 0.59375 0.73828125 0.59375 0.7685546875 0.609375 0.7685546875
41 0.6298828125 0.7353515625 0.6142578125 0.7353515625 0.6142578125 0.767578125 0.6298828125 0.767578125
46 0.6513671875 0.734375 0.63671875 0.734375 0.63671875 0.7666015625 0.6513671875 0.7666015625
26 0.673828125 0.734375 0.6572265625 0.734375 0.6572265625 0.7666015625 0.673828125 0.7666015625
33 0.6943359375 0.7333984375 0.677734375 0.7333984375 0.677734375 0.7646484375 0.6943359375 0.7646484375
19 0.7158203125 0.732421875 0.69921875 0.732421875 0.69921875 0.7626953125 0.7158203125 0.7626953125
35 0.7392578125 0.7314453125 0.7236328125 0.7314453125 0.7236328125 0.7626953125 0.7392578125 0.7626953125
46 0.6044921875 0.7822265625 0.58984375 0.7822265625 0.58984375 0.814453125 0.6044921875 0.814453125
33 0.5849609375 0.783203125 0.568359375 0.783203125 0.568359375 0.8154296875 0.5849609375 0.8154296875
39 0.5634765625 0.78515625 0.5478515625 0.78515625 0.5478515625 0.8154296875 0.5634765625 0.8154296875
51 0.5439453125 0.787109375 0.52734375 0.787109375 0.52734375 0.818359375 0.5439453125 0.818359375
41 0.5224609375 0.787109375 0.5087890625 0.787109375 0.5087890625 0.8173828125 0.5224609375 0.8173828125
19 0.3603515625000001 0.798828125 0.3476562500000001 0.798828125 0.3476562500000001 0.8271484375 0.3603515625000001 0.8271484375
41 0.3789062500000001 0.796875 0.3662109375000001 0.796875 0.3662109375000001 0.826171875 0.3789062500000001 0.826171875
46 0.3994140625000001 0.794921875 0.3857421875000001 0.794921875 0.3857421875000001 0.8251953125 0.3994140625000001 0.8251953125
26 0.4169921875000001 0.7939453125 0.4042968750000001 0.7939453125 0.4042968750000001 0.8232421875 0.4169921875000001 0.8232421875
22 0.4365234375000001 0.79296875 0.4228515625000001 0.79296875 0.4228515625000001 0.822265625 0.4365234375000001 0.822265625
39 0.4560546875000001 0.791015625 0.4404296875000001 0.791015625 0.4404296875000001 0.8212890625 0.4560546875000001 0.8212890625
32 0.4775390625000001 0.7900390625 0.4619140625000001 0.7900390625 0.4619140625000001 0.8212890625 0.4775390625000001 0.8212890625
31 0.4960937500000001 0.7900390625 0.4804687500000001 0.7900390625 0.4804687500000001 0.8193359375 0.4960937500000001 0.8193359375
42 0.2802734375000001 0.845703125 0.2646484375000001 0.845703125 0.2646484375000001 0.8759765625 0.2802734375000001 0.8759765625
26 0.2988281250000001 0.8447265625 0.2841796875000001 0.8447265625 0.2841796875000001 0.8759765625 0.2988281250000001 0.8759765625
29 0.3154296875000001 0.84375 0.3027343750000001 0.84375 0.3027343750000001 0.8740234375 0.3154296875000001 0.8740234375
30 0.3339843750000001 0.841796875 0.3212890625000001 0.841796875 0.3212890625000001 0.8720703125 0.3339843750000001 0.8720703125
37 0.3525390625000001 0.8408203125 0.3388671875000001 0.8408203125 0.3388671875000001 0.87109375 0.3525390625000001 0.87109375
42 0.3798828125000001 0.83984375 0.3652343750000001 0.83984375 0.3652343750000001 0.8701171875 0.3798828125000001 0.8701171875
19 0.3984375000000001 0.8388671875 0.3837890625000001 0.8388671875 0.3837890625000001 0.869140625 0.3984375000000001 0.869140625
20 0.4179687500000001 0.8388671875 0.4023437500000001 0.8388671875 0.4023437500000001 0.8681640625 0.4179687500000001 0.8681640625
40 0.4365234375000001 0.8369140625 0.4218750000000001 0.8369140625 0.4218750000000001 0.8671875 0.4365234375000001 0.8671875
46 0.4550781250000001 0.8349609375 0.4404296875000001 0.8349609375 0.4404296875000001 0.865234375 0.4550781250000001 0.865234375
32 0.4746093750000001 0.833984375 0.4599609375000001 0.833984375 0.4599609375000001 0.8642578125 0.4746093750000001 0.8642578125
43 0.501953125 0.8330078125 0.4882812500000001 0.8330078125 0.4882812500000001 0.86328125 0.501953125 0.86328125
47 0.552734375 0.8291015625 0.537109375 0.8291015625 0.537109375 0.8623046875 0.552734375 0.8623046875
23 0.6220703125 0.8271484375 0.6064453125 0.8271484375 0.6064453125 0.857421875 0.6220703125 0.857421875
40 0.6435546875 0.826171875 0.626953125 0.826171875 0.626953125 0.8583984375 0.6435546875 0.8583984375
47 0.7177734375 0.8232421875 0.701171875 0.8232421875 0.701171875 0.8564453125 0.7177734375 0.8564453125
20 0.3183593750000001 0.8857421875 0.3046875000000001 0.8857421875 0.3046875000000001 0.9130859375 0.3183593750000001 0.9130859375
26 0.3369140625000001 0.8857421875 0.3232421875000001 0.8857421875 0.3232421875000001 0.9140625 0.3369140625000001 0.9140625
54 0.3564453125000001 0.8837890625 0.3417968750000001 0.8837890625 0.3417968750000001 0.9130859375 0.3564453125000001 0.9130859375
41 0.3808593750000001 0.8828125 0.3681640625000001 0.8828125 0.3681640625000001 0.9111328125 0.3808593750000001 0.9111328125
26 0.4003906250000001 0.8818359375 0.3867187500000001 0.8818359375 0.3867187500000001 0.91015625 0.4003906250000001 0.91015625
42 0.4199218750000001 0.880859375 0.4052734375000001 0.880859375 0.4052734375000001 0.91015625 0.4199218750000001 0.91015625
26 0.4394531250000001 0.8798828125 0.4238281250000001 0.8798828125 0.4238281250000001 0.9091796875 0.4394531250000001 0.9091796875
42 0.4580078125000001 0.87890625 0.4423828125000001 0.87890625 0.4423828125000001 0.9091796875 0.4580078125000001 0.9091796875
32 0.4775390625000001 0.8779296875 0.4628906250000001 0.8779296875 0.4628906250000001 0.9072265625 0.4775390625000001 0.9072265625
49 0.4970703125000001 0.876953125 0.4824218750000001 0.876953125 0.4824218750000001 0.9072265625 0.4970703125000001 0.9072265625
19 0.5166015625 0.8759765625 0.5009765625 0.8759765625 0.5009765625 0.90625 0.5166015625 0.90625
30 0.5439453125 0.875 0.5302734375 0.875 0.5302734375 0.9052734375 0.5439453125 0.9052734375
49 0.5751953125 0.875 0.5595703125 0.875 0.5595703125 0.9052734375 0.5751953125 0.9052734375
32 0.595703125 0.873046875 0.580078125 0.873046875 0.580078125 0.904296875 0.595703125 0.904296875
50 0.615234375 0.873046875 0.599609375 0.873046875 0.599609375 0.904296875 0.615234375 0.904296875
40 0.63671875 0.873046875 0.6201171875 0.873046875 0.6201171875 0.90234375 0.63671875 0.90234375
23 0.6572265625 0.87109375 0.640625 0.87109375 0.640625 0.90234375 0.6572265625 0.90234375
39 0.6787109375 0.87109375 0.662109375 0.87109375 0.662109375 0.90234375 0.6787109375 0.90234375
32 0.7001953125 0.87109375 0.68359375 0.87109375 0.68359375 0.9013671875 0.7001953125 0.9013671875
50 0.720703125 0.8701171875 0.705078125 0.8701171875 0.705078125 0.90234375 0.720703125 0.90234375