49 0.3681640625000001 0.705078125 0.3574218750000001 0.705078125 0.3574218750000001 0.7265625 0.3681640625000001 0.7265625
32 0.3837890625000001 0.705078125 0.3720703125000001 0.705078125 0.3720703125000001 0.7265625 0.3837890625000001 0.7265625
54 0.3994140625000001 0.7060546875 0.3876953125000001 0.7060546875 0.3876953125000001 0.7275390625 0.3994140625000001 0.7275390625
40 0.4140625000000001 0.705078125 0.4023437500000001 0.705078125 0.4023437500000001 0.7275390625 0.4140625000000001 0.7275390625
49 0.4306640625000001 0.70703125 0.4189453125000001 0.70703125 0.4189453125000001 0.728515625 0.4306640625000001 0.728515625
41 0.4599609375000001 0.70703125 0.4492187500000001 0.70703125 0.4492187500000001 0.7275390625 0.4599609375000001 0.7275390625
26 0.4755859375000001 0.70703125 0.4648437500000001 0.70703125 0.4648437500000001 0.728515625 0.4755859375000001 0.728515625
42 0.4921875000000001 0.70703125 0.4804687500000001 0.70703125 0.4804687500000001 0.7275390625 0.4921875000000001 0.7275390625
43 0.5068359375 0.7060546875 0.4960937500000001 0.7060546875 0.4960937500000001 0.7275390625 0.5068359375 0.7275390625
40 0.5224609375 0.70703125 0.51171875 0.70703125 0.51171875 0.7275390625 0.5224609375 0.7275390625
39 0.5390625 0.7060546875 0.52734375 0.7060546875 0.52734375 0.7275390625 0.5390625 0.7275390625
19 0.5537109375 0.7060546875 0.54296875 0.7060546875 0.54296875 0.7275390625 0.5537109375 0.7275390625
36 0.5693359375 0.70703125 0.55859375 0.70703125 0.55859375 0.7275390625 0.5693359375 0.7275390625
19 0.5849609375 0.7060546875 0.57421875 0.7060546875 0.57421875 0.7265625 0.5849609375 0.7265625
47 0.6015625 0.7060546875 0.5908203125 0.7060546875 0.5908203125 0.7275390625 0.6015625 0.7275390625
41 0.3691406250000001 0.7353515625 0.3583984375000001 0.7353515625 0.3583984375000001 0.755859375 0.3691406250000001 0.755859375
40 0.3847656250000001 0.7353515625 0.3730468750000001 0.7353515625 0.3730468750000001 0.755859375 0.3847656250000001 0.755859375
23 0.4003906250000001 0.7353515625 0.3886718750000001 0.7353515625 0.3886718750000001 0.7568359375 0.4003906250000001 0.7568359375
54 0.4316406250000001 0.736328125 0.4199218750000001 0.736328125 0.4199218750000001 0.7568359375 0.4316406250000001 0.7568359375
39 0.4462890625000001 0.736328125 0.4345703125000001 0.736328125 0.4345703125000001 0.7568359375 0.4462890625000001 0.7568359375
19 0.4609375000000001 0.736328125 0.4501953125000001 0.736328125 0.4501953125000001 0.7578125 0.4609375000000001 0.7578125
33 0.4765625000000001 0.736328125 0.4658203125000001 0.736328125 0.4658203125000001 0.7568359375 0.4765625000000001 0.7568359375
40 0.4931640625000001 0.736328125 0.4814453125000001 0.736328125 0.4814453125000001 0.7568359375 0.4931640625000001 0.7568359375
37 0.5087890625 0.736328125 0.4970703125000001 0.736328125 0.4970703125000001 0.7568359375 0.5087890625 0.7568359375