40 0.3046875000000001 0.5791015625 0.2929687500000001 0.5791015625 0.2929687500000001 0.603515625 0.3046875000000001 0.603515625
40 0.3193359375000001 0.578125 0.3085937500000001 0.578125 0.3085937500000001 0.6025390625 0.3193359375000001 0.6025390625
40 0.3330078125000001 0.5771484375 0.3222656250000001 0.5771484375 0.3222656250000001 0.603515625 0.3330078125000001 0.603515625
34 0.3554687500000001 0.5771484375 0.3437500000000001 0.5771484375 0.3437500000000001 0.6025390625 0.3554687500000001 0.6025390625
28 0.3701171875000001 0.576171875 0.3593750000000001 0.576171875 0.3593750000000001 0.6025390625 0.3701171875000001 0.6025390625
30 0.3857421875000001 0.5751953125 0.3740234375000001 0.5751953125 0.3740234375000001 0.6025390625 0.3857421875000001 0.6025390625
23 0.4013671875000001 0.57421875 0.3896484375000001 0.57421875 0.3896484375000001 0.6005859375 0.4013671875000001 0.6005859375
24 0.4238281250000001 0.57421875 0.4121093750000001 0.57421875 0.4121093750000001 0.6015625 0.4238281250000001 0.6015625
23 0.4482421875000001 0.572265625 0.4355468750000001 0.572265625 0.4355468750000001 0.599609375 0.4482421875000001 0.599609375
26 0.4638671875000001 0.5732421875 0.4521484375000001 0.5732421875 0.4521484375000001 0.6005859375 0.4638671875000001 0.6005859375
44 0.4804687500000001 0.572265625 0.4677734375000001 0.572265625 0.4677734375000001 0.6005859375 0.4804687500000001 0.6005859375
53 0.4970703125000001 0.572265625 0.4853515625000001 0.572265625 0.4853515625000001 0.599609375 0.4970703125000001 0.599609375
49 0.5146484375 0.5712890625 0.501953125 0.5712890625 0.501953125 0.5986328125 0.5146484375 0.5986328125
19 0.5322265625 0.5712890625 0.5185546875 0.5712890625 0.5185546875 0.599609375 0.5322265625 0.599609375
52 0.5498046875 0.5703125 0.537109375 0.5703125 0.537109375 0.5986328125 0.5498046875 0.5986328125
19 0.576171875 0.5693359375 0.5625 0.5693359375 0.5625 0.599609375 0.576171875 0.599609375
41 0.5947265625 0.568359375 0.5810546875 0.568359375 0.5810546875 0.5986328125 0.5947265625 0.5986328125
46 0.61328125 0.5693359375 0.599609375 0.5693359375 0.599609375 0.59765625 0.61328125 0.59765625
26 0.6328125 0.568359375 0.6181640625 0.568359375 0.6181640625 0.5986328125 0.6328125 0.5986328125
33 0.6533203125 0.5673828125 0.6376953125 0.5673828125 0.6376953125 0.5966796875 0.6533203125 0.5966796875
19 0.6728515625 0.5673828125 0.658203125 0.5673828125 0.658203125 0.5966796875 0.6728515625 0.5966796875
35 0.6943359375 0.5673828125 0.6787109375 0.5673828125 0.6787109375 0.59765625 0.6943359375 0.59765625
19 0.3613281250000001 0.6142578125 0.3496093750000001 0.6142578125 0.3496093750000001 0.6396484375 0.3613281250000001 0.6396484375
41 0.3759765625000001 0.6142578125 0.3642578125000001 0.6142578125 0.3642578125000001 0.640625 0.3759765625000001 0.640625
46 0.3916015625000001 0.61328125 0.3798828125000001 0.61328125 0.3798828125000001 0.640625 0.3916015625000001 0.640625
26 0.4062500000000001 0.6123046875 0.3964843750000001 0.6123046875 0.3964843750000001 0.6396484375 0.4062500000000001 0.6396484375
22 0.4238281250000001 0.6123046875 0.4111328125000001 0.6123046875 0.4111328125000001 0.6396484375 0.4238281250000001 0.6396484375
39 0.4394531250000001 0.6123046875 0.4277343750000001 0.6123046875 0.4277343750000001 0.6396484375 0.4394531250000001 0.6396484375
32 0.4550781250000001 0.611328125 0.4433593750000001 0.611328125 0.4433593750000001 0.640625 0.4550781250000001 0.640625
31 0.4716796875000001 0.61328125 0.4599609375000001 0.61328125 0.4599609375000001 0.640625 0.4716796875000001 0.640625
41 0.4970703125000001 0.61328125 0.4843750000000001 0.61328125 0.4843750000000001 0.640625 0.4970703125000001 0.640625
51 0.513671875 0.6123046875 0.501953125 0.6123046875 0.501953125 0.6416015625 0.513671875 0.6416015625
39 0.5322265625 0.611328125 0.51953125 0.611328125 0.51953125 0.6396484375 0.5322265625 0.6396484375
33 0.5498046875 0.611328125 0.5361328125 0.611328125 0.5361328125 0.640625 0.5498046875 0.640625
46 0.5673828125 0.6123046875 0.5546875 0.6123046875 0.5546875 0.6416015625 0.5673828125 0.6416015625
42 0.2900390625000001 0.6513671875 0.2773437500000001 0.6513671875 0.2773437500000001 0.6787109375 0.2900390625000001 0.6787109375
26 0.3046875000000001 0.6513671875 0.2939453125000001 0.6513671875 0.2939453125000001 0.6796875 0.3046875000000001 0.6796875
29 0.3193359375000001 0.65234375 0.3076171875000001 0.65234375 0.3076171875000001 0.6796875 0.3193359375000001 0.6796875
30 0.3339843750000001 0.65234375 0.3222656250000001 0.65234375 0.3222656250000001 0.6787109375 0.3339843750000001 0.6787109375
37 0.3496093750000001 0.65234375 0.3369140625000001 0.65234375 0.3369140625000001 0.6796875 0.3496093750000001 0.6796875
42 0.3710937500000001 0.6533203125 0.3583984375000001 0.6533203125 0.3583984375000001 0.6806640625 0.3710937500000001 0.6806640625
19 0.3876953125000001 0.65234375 0.3740234375000001 0.65234375 0.3740234375000001 0.6796875 0.3876953125000001 0.6796875
20 0.4023437500000001 0.6533203125 0.3896484375000001 0.6533203125 0.3896484375000001 0.6806640625 0.4023437500000001 0.6806640625
40 0.4179687500000001 0.6533203125 0.4052734375000001 0.6533203125 0.4052734375000001 0.681640625 0.4179687500000001 0.681640625
46 0.4345703125000001 0.6533203125 0.4218750000000001 0.6533203125 0.4218750000000001 0.681640625 0.4345703125000001 0.681640625
32 0.4511718750000001 0.6533203125 0.4384765625000001 0.6533203125 0.4384765625000001 0.681640625 0.4511718750000001 0.681640625
43 0.4755859375000001 0.6533203125 0.4619140625000001 0.6533203125 0.4619140625000001 0.6826171875 0.4755859375000001 0.6826171875
47 0.517578125 0.654296875 0.5048828125 0.654296875 0.5048828125 0.6845703125 0.517578125 0.6845703125
23 0.5810546875 0.654296875 0.5673828125 0.654296875 0.5673828125 0.6845703125 0.5810546875 0.6845703125
40 0.6005859375 0.654296875 0.5859375 0.654296875 0.5859375 0.6865234375 0.6005859375 0.6865234375
47 0.6689453125 0.6572265625 0.654296875 0.6572265625 0.654296875 0.6884765625 0.6689453125 0.6884765625
20 0.3154296875000001 0.69140625 0.3037109375000001 0.69140625 0.3037109375000001 0.716796875 0.3154296875000001 0.716796875
26 0.3310546875000001 0.6923828125 0.3203125000000001 0.6923828125 0.3203125000000001 0.71875 0.3310546875000001 0.71875
54 0.3457031250000001 0.69140625 0.3339843750000001 0.69140625 0.3339843750000001 0.7197265625 0.3457031250000001 0.7197265625
41 0.3691406250000001 0.6923828125 0.3564453125000001 0.6923828125 0.3564453125000001 0.7197265625 0.3691406250000001 0.7197265625
26 0.3837890625000001 0.6923828125 0.3730468750000001 0.6923828125 0.3730468750000001 0.720703125 0.3837890625000001 0.720703125
42 0.3994140625000001 0.693359375 0.3876953125000001 0.693359375 0.3876953125000001 0.7216796875 0.3994140625000001 0.7216796875
26 0.4160156250000001 0.6943359375 0.4042968750000001 0.6943359375 0.4042968750000001 0.720703125 0.4160156250000001 0.720703125
42 0.4326171875000001 0.6943359375 0.4199218750000001 0.6943359375 0.4199218750000001 0.72265625 0.4326171875000001 0.72265625
32 0.4492187500000001 0.6953125 0.4365234375000001 0.6953125 0.4365234375000001 0.7236328125 0.4492187500000001 0.7236328125
49 0.4667968750000001 0.6962890625 0.4531250000000001 0.6962890625 0.4531250000000001 0.724609375 0.4667968750000001 0.724609375
19 0.4833984375000001 0.6962890625 0.4697265625000001 0.6962890625 0.4697265625000001 0.724609375 0.4833984375000001 0.724609375
30 0.5087890625 0.6962890625 0.4951171875000001 0.6962890625 0.4951171875000001 0.724609375 0.5087890625 0.724609375
49 0.5341796875 0.6982421875 0.521484375 0.6982421875 0.521484375 0.7275390625 0.5341796875 0.7275390625
32 0.552734375 0.6982421875 0.5390625 0.6982421875 0.5390625 0.7275390625 0.552734375 0.7275390625
50 0.5712890625 0.6982421875 0.5576171875 0.6982421875 0.5576171875 0.7294921875 0.5712890625 0.7294921875
40 0.5908203125 0.7001953125 0.576171875 0.7001953125 0.576171875 0.7294921875 0.5908203125 0.7294921875
23 0.6103515625 0.7001953125 0.595703125 0.7001953125 0.595703125 0.73046875 0.6103515625 0.73046875
39 0.6298828125 0.701171875 0.615234375 0.701171875 0.615234375 0.7314453125 0.6298828125 0.7314453125
32 0.650390625 0.703125 0.6357421875 0.703125 0.6357421875 0.732421875 0.650390625 0.732421875
50 0.669921875 0.7021484375 0.6552734375 0.7021484375 0.6552734375 0.7353515625 0.669921875 0.7353515625