49 0.4218750000000001 0.544921875 0.4121093750000001 0.544921875 0.4121093750000001 0.564453125 0.4218750000000001 0.564453125
32 0.4335937500000001 0.5439453125 0.4238281250000001 0.5439453125 0.4238281250000001 0.564453125 0.4335937500000001 0.564453125
54 0.4453125000000001 0.5439453125 0.4355468750000001 0.5439453125 0.4355468750000001 0.564453125 0.4453125000000001 0.564453125
40 0.4580078125000001 0.5439453125 0.4482421875000001 0.5439453125 0.4482421875000001 0.5634765625 0.4580078125000001 0.5634765625
49 0.4697265625000001 0.5439453125 0.4599609375000001 0.5439453125 0.4599609375000001 0.564453125 0.4697265625000001 0.564453125
41 0.4941406250000001 0.54296875 0.4843750000000001 0.54296875 0.4843750000000001 0.5634765625 0.4941406250000001 0.5634765625
26 0.5068359375 0.5439453125 0.4970703125000001 0.5439453125 0.4970703125000001 0.564453125 0.5068359375 0.564453125
42 0.51953125 0.54296875 0.5087890625 0.54296875 0.5087890625 0.5634765625 0.51953125 0.5634765625
43 0.53125 0.54296875 0.5224609375 0.54296875 0.5224609375 0.5634765625 0.53125 0.5634765625
40 0.544921875 0.54296875 0.53515625 0.54296875 0.53515625 0.5625 0.544921875 0.5625
39 0.5576171875 0.5419921875 0.546875 0.5419921875 0.546875 0.5625 0.5576171875 0.5625
19 0.5703125 0.54296875 0.560546875 0.54296875 0.560546875 0.5625 0.5703125 0.5625
36 0.5849609375 0.5419921875 0.57421875 0.5419921875 0.57421875 0.5625 0.5849609375 0.5625
19 0.5966796875 0.5419921875 0.5869140625 0.5419921875 0.5869140625 0.5625 0.5966796875 0.5625
47 0.6103515625 0.541015625 0.599609375 0.541015625 0.599609375 0.5615234375 0.6103515625 0.5615234375
41 0.4218750000000001 0.5712890625 0.4121093750000001 0.5712890625 0.4121093750000001 0.5908203125 0.4218750000000001 0.5908203125
40 0.4345703125000001 0.5712890625 0.4248046875000001 0.5712890625 0.4248046875000001 0.591796875 0.4345703125000001 0.591796875
23 0.4462890625000001 0.5712890625 0.4365234375000001 0.5712890625 0.4365234375000001 0.591796875 0.4462890625000001 0.591796875
54 0.4707031250000001 0.5703125 0.4599609375000001 0.5703125 0.4599609375000001 0.591796875 0.4707031250000001 0.591796875
39 0.4833984375000001 0.5703125 0.4726562500000001 0.5703125 0.4726562500000001 0.5908203125 0.4833984375000001 0.5908203125
19 0.4951171875000001 0.5712890625 0.4853515625000001 0.5712890625 0.4853515625000001 0.5908203125 0.4951171875000001 0.5908203125
33 0.5078125 0.5703125 0.4980468750000001 0.5703125 0.4980468750000001 0.5908203125 0.5078125 0.5908203125
40 0.5205078125 0.5703125 0.5107421875 0.5703125 0.5107421875 0.5908203125 0.5205078125 0.5908203125
37 0.533203125 0.5703125 0.5234375 0.5703125 0.5234375 0.58984375 0.533203125 0.58984375