49 0.4072265625 0.3837890625 0.3955078125 0.3837890625 0.3955078125 0.4072265625 0.4072265625 0.4072265625
32 0.421875 0.3837890625 0.4111328125 0.3837890625 0.4111328125 0.4072265625 0.421875 0.4072265625
54 0.4375 0.384765625 0.4267578125 0.384765625 0.4267578125 0.408203125 0.4375 0.408203125
40 0.453125 0.3857421875 0.44140625 0.3857421875 0.44140625 0.408203125 0.453125 0.408203125
49 0.46875 0.3857421875000001 0.45703125 0.3857421875000001 0.45703125 0.4091796875000001 0.46875 0.4091796875000001
41 0.498046875 0.3867187500000001 0.4873046875 0.3867187500000001 0.4873046875 0.4101562500000001 0.498046875 0.4101562500000001
26 0.5126953125 0.3886718750000001 0.5029296875 0.3886718750000001 0.5029296875 0.4111328125000001 0.5126953125 0.4111328125000001
42 0.5263671875 0.3886718750000001 0.515625 0.3886718750000001 0.515625 0.4121093750000001 0.5263671875 0.4121093750000001
43 0.5419921875 0.3896484375000001 0.5302734375 0.3896484375000001 0.5302734375 0.4121093750000001 0.5419921875 0.4121093750000001
40 0.5546875 0.3906250000000001 0.544921875 0.3906250000000001 0.544921875 0.4121093750000001 0.5546875 0.4121093750000001
39 0.5693359375 0.3906250000000001 0.55859375 0.3906250000000001 0.55859375 0.4140625000000001 0.5693359375 0.4140625000000001
19 0.5830078125 0.3906250000000001 0.5732421875 0.3906250000000001 0.5732421875 0.4130859375000001 0.5830078125 0.4130859375000001
36 0.59765625 0.3916015625000001 0.5869140625 0.3916015625000001 0.5869140625 0.4140625000000001 0.59765625 0.4140625000000001
19 0.611328125 0.3916015625000001 0.6005859375 0.3916015625000001 0.6005859375 0.4140625000000001 0.611328125 0.4140625000000001
47 0.6240234375 0.3935546875000001 0.61328125 0.3935546875000001 0.61328125 0.4150390625000001 0.6240234375 0.4150390625000001
41 0.4072265625 0.4169921875 0.3955078125 0.4169921875 0.3955078125 0.4404296875 0.4072265625 0.4404296875
40 0.421875 0.41796875 0.41015625 0.41796875 0.41015625 0.4404296875 0.421875 0.4404296875
23 0.4365234375 0.41796875 0.42578125 0.41796875 0.42578125 0.4404296875 0.4365234375 0.4404296875
54 0.466796875 0.4199218750000001 0.455078125 0.4199218750000001 0.455078125 0.4433593750000001 0.466796875 0.4433593750000001
39 0.4814453125 0.4208984375000001 0.470703125 0.4208984375000001 0.470703125 0.4433593750000001 0.4814453125 0.4433593750000001
19 0.49609375 0.4208984375000001 0.486328125 0.4208984375000001 0.486328125 0.4423828125000001 0.49609375 0.4423828125000001
33 0.509765625 0.4218750000000001 0.5 0.4218750000000001 0.5 0.4433593750000001 0.509765625 0.4433593750000001
40 0.525390625 0.4208984375000001 0.5146484375 0.4208984375000001 0.5146484375 0.4433593750000001 0.525390625 0.4433593750000001
37 0.541015625 0.4208984375000001 0.529296875 0.4208984375000001 0.529296875 0.4443359375000001 0.541015625 0.4443359375000001