33 0.4189453125000001 0.5556640625 0.4091796875000001 0.5556640625 0.4091796875000001 0.5732421875 0.4189453125000001 0.5732421875
40 0.4296875000000001 0.5556640625 0.4199218750000001 0.5556640625 0.4199218750000001 0.5732421875 0.4296875000000001 0.5732421875
37 0.4394531250000001 0.5556640625 0.4296875000000001 0.5556640625 0.4296875000000001 0.5732421875 0.4394531250000001 0.5732421875
41 0.4501953125000001 0.5556640625 0.4404296875000001 0.5556640625 0.4404296875000001 0.5732421875 0.4501953125000001 0.5732421875
38 0.4599609375000001 0.5556640625 0.4501953125000001 0.5556640625 0.4501953125000001 0.5732421875 0.4599609375000001 0.5732421875
48 0.4707031250000001 0.5546875 0.4619140625000001 0.5546875 0.4619140625000001 0.5732421875 0.4707031250000001 0.5732421875
46 0.4804687500000001 0.5546875 0.4707031250000001 0.5546875 0.4707031250000001 0.5732421875 0.4804687500000001 0.5732421875
26 0.4902343750000001 0.5537109375 0.4814453125000001 0.5537109375 0.4814453125000001 0.5732421875 0.4902343750000001 0.5732421875
42 0.501953125 0.5537109375 0.4912109375000001 0.5537109375 0.4912109375000001 0.5732421875 0.501953125 0.5732421875
39 0.51171875 0.5537109375 0.501953125 0.5537109375 0.501953125 0.572265625 0.51171875 0.572265625
32 0.5224609375 0.5537109375 0.51171875 0.5537109375 0.51171875 0.5732421875 0.5224609375 0.5732421875
31 0.5322265625 0.5537109375 0.5224609375 0.5537109375 0.5224609375 0.572265625 0.5322265625 0.572265625
33 0.5478515625 0.5537109375 0.5380859375 0.5537109375 0.5380859375 0.5732421875 0.5478515625 0.5732421875
36 0.5576171875 0.5537109375 0.5478515625 0.5537109375 0.5478515625 0.5732421875 0.5576171875 0.5732421875
19 0.568359375 0.5537109375 0.5576171875 0.5537109375 0.5576171875 0.5732421875 0.568359375 0.5732421875
43 0.5791015625 0.5537109375 0.5693359375 0.5537109375 0.5693359375 0.5732421875 0.5791015625 0.5732421875
43 0.5888671875 0.5537109375 0.580078125 0.5537109375 0.580078125 0.5732421875 0.5888671875 0.5732421875
51 0.3505859375000001 0.5791015625 0.3408203125000001 0.5791015625 0.3408203125000001 0.59765625 0.3505859375000001 0.59765625
22 0.3613281250000001 0.5791015625 0.3515625000000001 0.5791015625 0.3515625000000001 0.59765625 0.3613281250000001 0.59765625
26 0.3710937500000001 0.5791015625 0.3623046875000001 0.5791015625 0.3623046875000001 0.59765625 0.3710937500000001 0.59765625
20 0.3818359375000001 0.5791015625 0.3710937500000001 0.5791015625 0.3710937500000001 0.59765625 0.3818359375000001 0.59765625
39 0.3925781250000001 0.5791015625 0.3828125000000001 0.5791015625 0.3828125000000001 0.59765625 0.3925781250000001 0.59765625
19 0.4033203125000001 0.5791015625 0.3935546875000001 0.5791015625 0.3935546875000001 0.59765625 0.4033203125000001 0.59765625
52 0.4140625000000001 0.578125 0.4033203125000001 0.578125 0.4033203125000001 0.59765625 0.4140625000000001 0.59765625
19 0.4287109375000001 0.578125 0.4189453125000001 0.578125 0.4189453125000001 0.595703125 0.4287109375000001 0.595703125
51 0.4394531250000001 0.578125 0.4287109375000001 0.578125 0.4287109375000001 0.5966796875 0.4394531250000001 0.5966796875
23 0.4492187500000001 0.578125 0.4404296875000001 0.578125 0.4404296875000001 0.595703125 0.4492187500000001 0.595703125
30 0.4599609375000001 0.5771484375 0.4501953125000001 0.5771484375 0.4501953125000001 0.595703125 0.4599609375000001 0.595703125
46 0.4707031250000001 0.578125 0.4609375000000001 0.578125 0.4609375000000001 0.5966796875 0.4707031250000001 0.5966796875
40 0.4804687500000001 0.578125 0.4707031250000001 0.578125 0.4707031250000001 0.595703125 0.4804687500000001 0.595703125
42 0.4912109375000001 0.578125 0.4814453125000001 0.578125 0.4814453125000001 0.5966796875 0.4912109375000001 0.5966796875
30 0.5009765625 0.578125 0.4912109375000001 0.578125 0.4912109375000001 0.5966796875 0.5009765625 0.5966796875
52 0.5126953125 0.5771484375 0.5029296875 0.5771484375 0.5029296875 0.5966796875 0.5126953125 0.5966796875
23 0.5263671875 0.578125 0.517578125 0.578125 0.517578125 0.595703125 0.5263671875 0.595703125
36 0.5361328125 0.578125 0.52734375 0.578125 0.52734375 0.595703125 0.5361328125 0.595703125
52 0.5478515625 0.578125 0.5380859375 0.578125 0.5380859375 0.595703125 0.5478515625 0.595703125
41 0.5625 0.578125 0.5537109375 0.578125 0.5537109375 0.5947265625 0.5625 0.5947265625
42 0.5732421875 0.5771484375 0.5634765625 0.5771484375 0.5634765625 0.595703125 0.5732421875 0.595703125
40 0.5830078125 0.5771484375 0.57421875 0.5771484375 0.57421875 0.5947265625 0.5830078125 0.5947265625
49 0.59375 0.5771484375 0.583984375 0.5771484375 0.583984375 0.595703125 0.59375 0.595703125
26 0.603515625 0.5771484375 0.5947265625 0.5771484375 0.5947265625 0.595703125 0.603515625 0.595703125
23 0.6142578125 0.5771484375 0.6044921875 0.5771484375 0.6044921875 0.5947265625 0.6142578125 0.5947265625
26 0.625 0.5771484375 0.615234375 0.5771484375 0.615234375 0.5947265625 0.625 0.5947265625
39 0.6357421875 0.5771484375 0.6259765625 0.5771484375 0.6259765625 0.5947265625 0.6357421875 0.5947265625
30 0.6455078125 0.576171875 0.63671875 0.576171875 0.63671875 0.5947265625 0.6455078125 0.5947265625
52 0.6552734375 0.5771484375 0.646484375 0.5771484375 0.646484375 0.5947265625 0.6552734375 0.5947265625
36 0.24804687500000006 0.6044921875 0.23828125000000006 0.6044921875 0.23828125000000006 0.62109375 0.24804687500000006 0.62109375
19 0.2578125000000001 0.6044921875 0.24902343750000006 0.6044921875 0.24902343750000006 0.62109375 0.2578125000000001 0.62109375
20 0.2695312500000001 0.603515625 0.2597656250000001 0.603515625 0.2597656250000001 0.62109375 0.2695312500000001 0.62109375
40 0.2802734375000001 0.603515625 0.2705078125000001 0.603515625 0.2705078125000001 0.62109375 0.2802734375000001 0.62109375
42 0.2910156250000001 0.603515625 0.2802734375000001 0.603515625 0.2802734375000001 0.6220703125 0.2910156250000001 0.6220703125
19 0.3007812500000001 0.6025390625 0.2910156250000001 0.6025390625 0.2910156250000001 0.62109375 0.3007812500000001 0.62109375
46 0.3105468750000001 0.6025390625 0.3017578125000001 0.6025390625 0.3017578125000001 0.62109375 0.3105468750000001 0.62109375
40 0.3212890625000001 0.6025390625 0.3125000000000001 0.6025390625 0.3125000000000001 0.62109375 0.3212890625000001 0.62109375
42 0.3320312500000001 0.6025390625 0.3222656250000001 0.6025390625 0.3222656250000001 0.62109375 0.3320312500000001 0.62109375
39 0.3427734375000001 0.6025390625 0.3330078125000001 0.6025390625 0.3330078125000001 0.62109375 0.3427734375000001 0.62109375
32 0.3535156250000001 0.603515625 0.3437500000000001 0.603515625 0.3437500000000001 0.62109375 0.3535156250000001 0.62109375
50 0.3632812500000001 0.6025390625 0.3544921875000001 0.6025390625 0.3544921875000001 0.6201171875 0.3632812500000001 0.6201171875
55 0.3740234375000001 0.6025390625 0.3642578125000001 0.6025390625 0.3642578125000001 0.6201171875 0.3740234375000001 0.6201171875
41 0.3896484375000001 0.6015625 0.3798828125000001 0.6015625 0.3798828125000001 0.6201171875 0.3896484375000001 0.6201171875
42 0.3994140625000001 0.6025390625 0.3906250000000001 0.6025390625 0.3906250000000001 0.6201171875 0.3994140625000001 0.6201171875
19 0.4101562500000001 0.6025390625 0.4013671875000001 0.6025390625 0.4013671875000001 0.619140625 0.4101562500000001 0.619140625
33 0.4208984375000001 0.6025390625 0.4121093750000001 0.6025390625 0.4121093750000001 0.619140625 0.4208984375000001 0.619140625
46 0.4316406250000001 0.6025390625 0.4228515625000001 0.6025390625 0.4228515625000001 0.619140625 0.4316406250000001 0.619140625
30 0.4414062500000001 0.6025390625 0.4326171875000001 0.6025390625 0.4326171875000001 0.619140625 0.4414062500000001 0.619140625
22 0.4521484375000001 0.6025390625 0.4433593750000001 0.6025390625 0.4433593750000001 0.619140625 0.4521484375000001 0.619140625
26 0.4628906250000001 0.6015625 0.4531250000000001 0.6015625 0.4531250000000001 0.619140625 0.4628906250000001 0.619140625
43 0.4726562500000001 0.6025390625 0.4648437500000001 0.6025390625 0.4648437500000001 0.619140625 0.4726562500000001 0.619140625
33 0.4843750000000001 0.6025390625 0.4746093750000001 0.6025390625 0.4746093750000001 0.619140625 0.4843750000000001 0.619140625
30 0.4941406250000001 0.6015625 0.4853515625000001 0.6015625 0.4853515625000001 0.6181640625 0.4941406250000001 0.6181640625
50 0.50390625 0.6015625 0.4951171875000001 0.6015625 0.4951171875000001 0.6181640625 0.50390625 0.6181640625
30 0.51953125 0.6005859375 0.509765625 0.6005859375 0.509765625 0.6181640625 0.51953125 0.6181640625
43 0.5341796875 0.6015625 0.525390625 0.6015625 0.525390625 0.6181640625 0.5341796875 0.6181640625
19 0.5439453125 0.6015625 0.53515625 0.6015625 0.53515625 0.6181640625 0.5439453125 0.6181640625
37 0.5546875 0.6015625 0.5458984375 0.6015625 0.5458984375 0.6171875 0.5546875 0.6171875
40 0.5654296875 0.6015625 0.556640625 0.6015625 0.556640625 0.6181640625 0.5654296875 0.6181640625
43 0.576171875 0.6005859375 0.56640625 0.6005859375 0.56640625 0.6181640625 0.576171875 0.6181640625
46 0.5859375 0.6005859375 0.5771484375 0.6005859375 0.5771484375 0.6181640625 0.5859375 0.6181640625
40 0.5966796875 0.6005859375 0.587890625 0.6005859375 0.587890625 0.6181640625 0.5966796875 0.6181640625
52 0.6064453125 0.6015625 0.59765625 0.6015625 0.59765625 0.6181640625 0.6064453125 0.6181640625
46 0.6171875 0.6015625 0.6083984375 0.6015625 0.6083984375 0.6181640625 0.6171875 0.6181640625
26 0.6279296875 0.6005859375 0.6181640625 0.6005859375 0.6181640625 0.6171875 0.6279296875 0.6171875
36 0.6376953125 0.6005859375 0.62890625 0.6005859375 0.62890625 0.6181640625 0.6376953125 0.6181640625
38 0.6484375 0.6005859375 0.6396484375 0.6005859375 0.6396484375 0.6171875 0.6484375 0.6171875
39 0.658203125 0.6005859375 0.6494140625 0.6005859375 0.6494140625 0.6171875 0.658203125 0.6171875
32 0.6689453125 0.6005859375 0.66015625 0.6005859375 0.66015625 0.6171875 0.6689453125 0.6171875
50 0.6796875 0.6005859375 0.669921875 0.6005859375 0.669921875 0.6171875 0.6796875 0.6171875
54 0.6943359375 0.6005859375 0.685546875 0.6005859375 0.685546875 0.6171875 0.6943359375 0.6171875
19 0.705078125 0.6005859375 0.6962890625 0.6005859375 0.6962890625 0.6171875 0.705078125 0.6171875
39 0.71484375 0.6005859375 0.7060546875 0.6005859375 0.7060546875 0.6171875 0.71484375 0.6171875
52 0.724609375 0.6005859375 0.716796875 0.6005859375 0.716796875 0.6171875 0.724609375 0.6171875
46 0.7353515625 0.6005859375 0.7265625 0.6005859375 0.7265625 0.6171875 0.7353515625 0.6171875
30 0.7451171875 0.599609375 0.7373046875 0.599609375 0.7373046875 0.6171875 0.7451171875 0.6171875
31 0.7568359375 0.599609375 0.748046875 0.599609375 0.748046875 0.6171875 0.7568359375 0.6171875