49 0.4052734375000001 0.4697265625 0.3945312500000001 0.4697265625 0.3945312500000001 0.4912109375 0.4052734375000001 0.4912109375
32 0.4179687500000001 0.4697265625 0.4072265625000001 0.4697265625 0.4072265625000001 0.4912109375 0.4179687500000001 0.4912109375
54 0.4316406250000001 0.4697265625 0.4208984375000001 0.4697265625 0.4208984375000001 0.4912109375 0.4316406250000001 0.4912109375
40 0.4453125000000001 0.46875 0.4345703125000001 0.46875 0.4345703125000001 0.490234375 0.4453125000000001 0.490234375
49 0.4589843750000001 0.46875000000000006 0.4482421875000001 0.46875 0.4482421875000001 0.48925781250000006 0.4589843750000001 0.4892578125000001
41 0.4853515625000001 0.4667968750000001 0.4755859375000001 0.4667968750000001 0.4755859375000001 0.4882812500000001 0.4853515625000001 0.4882812500000001
26 0.4990234375000001 0.4667968750000001 0.4892578125000001 0.4667968750000001 0.4892578125000001 0.4882812500000001 0.4990234375000001 0.4882812500000001
42 0.5126953125 0.4658203125000001 0.501953125 0.4658203125000001 0.501953125 0.4873046875000001 0.5126953125 0.4873046875000001
43 0.52734375 0.4648437500000001 0.5166015625 0.4648437500000001 0.5166015625 0.4863281250000001 0.52734375 0.4863281250000001
40 0.5400390625 0.4648437500000001 0.5302734375 0.4648437500000001 0.5302734375 0.4853515625000001 0.5400390625 0.4853515625000001
39 0.5537109375 0.4638671875000001 0.54296875 0.4638671875000001 0.54296875 0.4853515625000001 0.5537109375 0.4853515625000001
19 0.56640625 0.4628906250000001 0.556640625 0.4628906250000001 0.556640625 0.4843750000000001 0.56640625 0.4843750000000001
36 0.5810546875 0.4628906250000001 0.5703125 0.4628906250000001 0.5703125 0.4833984375000001 0.5810546875 0.4833984375000001
19 0.59375 0.4619140625000001 0.583984375 0.4619140625000001 0.583984375 0.4833984375000001 0.59375 0.4833984375000001
47 0.607421875 0.4609375000000001 0.59765625 0.4609375000000001 0.59765625 0.4814453125000001 0.607421875 0.4814453125000001
41 0.4062500000000001 0.4990234375 0.3955078125000001 0.4990234375 0.3955078125000001 0.5205078125 0.4062500000000001 0.5205078125
40 0.4199218750000001 0.4990234375 0.4091796875000001 0.4990234375 0.4091796875000001 0.5205078125 0.4199218750000001 0.5205078125
23 0.4326171875000001 0.498046875 0.4218750000000001 0.498046875 0.4218750000000001 0.51953125 0.4326171875000001 0.51953125
54 0.4599609375000001 0.49804687500000006 0.4492187500000001 0.498046875 0.4492187500000001 0.5185546875 0.4599609375000001 0.5185546875
39 0.4726562500000001 0.4970703125000001 0.4628906250000001 0.4970703125000001 0.4628906250000001 0.517578125 0.4726562500000001 0.517578125
19 0.4863281250000001 0.4960937500000001 0.4765625000000001 0.4960937500000001 0.4765625000000001 0.5166015625 0.4863281250000001 0.5166015625
33 0.5 0.4960937500000001 0.4902343750000001 0.4960937500000001 0.4902343750000001 0.5166015625 0.5 0.5166015625
40 0.513671875 0.4951171875000001 0.50390625 0.4951171875000001 0.50390625 0.515625 0.513671875 0.515625
37 0.52734375 0.4941406250000001 0.5166015625 0.4941406250000001 0.5166015625 0.515625 0.52734375 0.515625