49 0.3886718750000001 0.5283203125 0.3759765625000001 0.5283203125 0.3759765625000001 0.5537109375 0.3886718750000001 0.5537109375
32 0.4052734375000001 0.52734375 0.3925781250000001 0.52734375 0.3925781250000001 0.552734375 0.4052734375000001 0.552734375
54 0.4228515625000001 0.5263671875 0.4101562500000001 0.5263671875 0.4101562500000001 0.5517578125 0.4228515625000001 0.5517578125
40 0.4384765625000001 0.5263671875 0.4267578125000001 0.5263671875 0.4267578125000001 0.55078125 0.4384765625000001 0.55078125
49 0.4560546875000001 0.5234375 0.4433593750000001 0.5234375 0.4433593750000001 0.548828125 0.4560546875000001 0.548828125
41 0.4882812500000001 0.521484375 0.4765625000000001 0.521484375 0.4765625000000001 0.546875 0.4882812500000001 0.546875
26 0.5048828125 0.5205078125 0.4931640625000001 0.5205078125 0.4931640625000001 0.5458984375 0.5048828125 0.5458984375
42 0.5205078125 0.51953125 0.5087890625 0.51953125 0.5087890625 0.5439453125 0.5205078125 0.5439453125
43 0.537109375 0.517578125 0.525390625 0.517578125 0.525390625 0.54296875 0.537109375 0.54296875
40 0.5517578125 0.517578125 0.541015625 0.517578125 0.541015625 0.541015625 0.5517578125 0.541015625
39 0.568359375 0.515625 0.556640625 0.515625 0.556640625 0.5400390625 0.568359375 0.5400390625
19 0.583984375 0.5146484375 0.572265625 0.5146484375 0.572265625 0.5380859375 0.583984375 0.5380859375
36 0.5986328125 0.513671875 0.5869140625 0.513671875 0.5869140625 0.537109375 0.5986328125 0.537109375
19 0.61328125 0.5126953125 0.6025390625 0.5126953125 0.6025390625 0.5361328125 0.61328125 0.5361328125
47 0.62890625 0.51171875 0.6181640625 0.51171875 0.6181640625 0.533203125 0.62890625 0.533203125
41 0.3886718750000001 0.564453125 0.3759765625000001 0.564453125 0.3759765625000001 0.58984375 0.3886718750000001 0.58984375
40 0.4062500000000001 0.5634765625 0.3935546875000001 0.5634765625 0.3935546875000001 0.5888671875 0.4062500000000001 0.5888671875
23 0.4228515625000001 0.5615234375 0.4101562500000001 0.5615234375 0.4101562500000001 0.5859375 0.4228515625000001 0.5859375
54 0.4570312500000001 0.560546875 0.4433593750000001 0.560546875 0.4433593750000001 0.583984375 0.4570312500000001 0.583984375
39 0.4726562500000001 0.5576171875 0.4599609375000001 0.5576171875 0.4599609375000001 0.5830078125 0.4726562500000001 0.5830078125
19 0.4882812500000001 0.5576171875 0.4765625000000001 0.5576171875 0.4765625000000001 0.58203125 0.4882812500000001 0.58203125
33 0.5048828125 0.5556640625 0.4931640625000001 0.5556640625 0.4931640625000001 0.580078125 0.5048828125 0.580078125
40 0.5205078125 0.5546875 0.5087890625 0.5546875 0.5087890625 0.578125 0.5205078125 0.578125
37 0.5361328125 0.552734375 0.5244140625 0.552734375 0.5244140625 0.5771484375 0.5361328125 0.5771484375