40 0.3261718750000001 0.7138671875 0.3125000000000001 0.7138671875 0.3125000000000001 0.7421875 0.3261718750000001 0.7421875
40 0.3447265625000001 0.712890625 0.3310546875000001 0.712890625 0.3310546875000001 0.740234375 0.3447265625000001 0.740234375
40 0.3632812500000001 0.7109375 0.3496093750000001 0.7109375 0.3496093750000001 0.7392578125 0.3632812500000001 0.7392578125
34 0.3906250000000001 0.7080078125 0.3769531250000001 0.7080078125 0.3769531250000001 0.7353515625 0.3906250000000001 0.7353515625
28 0.4082031250000001 0.7060546875 0.3945312500000001 0.7060546875 0.3945312500000001 0.734375 0.4082031250000001 0.734375
30 0.4267578125000001 0.7041015625 0.4130859375000001 0.7041015625 0.4130859375000001 0.732421875 0.4267578125000001 0.732421875
23 0.4453125000000001 0.703125 0.4306640625000001 0.703125 0.4306640625000001 0.7314453125 0.4453125000000001 0.7314453125
24 0.4736328125000001 0.703125 0.4599609375000001 0.703125 0.4599609375000001 0.7294921875 0.4736328125000001 0.7294921875
23 0.5 0.697265625 0.4853515625000001 0.697265625 0.4853515625000001 0.7265625 0.5 0.7265625
26 0.5185546875 0.697265625 0.50390625 0.697265625 0.50390625 0.7255859375 0.5185546875 0.7255859375
44 0.5380859375 0.6953125 0.5234375 0.6953125 0.5234375 0.7236328125 0.5380859375 0.7236328125
53 0.5576171875 0.6943359375 0.5419921875 0.6943359375 0.5419921875 0.72265625 0.5576171875 0.72265625
49 0.576171875 0.69140625 0.5615234375 0.69140625 0.5615234375 0.7197265625 0.576171875 0.7197265625
19 0.59375 0.69140625 0.580078125 0.69140625 0.580078125 0.7177734375 0.59375 0.7177734375
52 0.6142578125 0.6884765625 0.599609375 0.6884765625 0.599609375 0.71875 0.6142578125 0.71875
19 0.642578125 0.6884765625 0.62890625 0.6884765625 0.62890625 0.7158203125 0.642578125 0.7158203125
41 0.662109375 0.685546875 0.6474609375 0.685546875 0.6474609375 0.7158203125 0.662109375 0.7158203125
46 0.681640625 0.6845703125 0.66796875 0.6845703125 0.66796875 0.712890625 0.681640625 0.712890625
26 0.7021484375 0.6845703125 0.6875 0.6845703125 0.6875 0.7119140625 0.7021484375 0.7119140625
33 0.72265625 0.6826171875 0.7080078125 0.6826171875 0.7080078125 0.7109375 0.72265625 0.7109375
19 0.7412109375 0.681640625 0.7275390625 0.681640625 0.7275390625 0.7080078125 0.7412109375 0.7080078125
35 0.763671875 0.6806640625 0.7490234375 0.6806640625 0.7490234375 0.708984375 0.763671875 0.708984375
46 0.63671875 0.7294921875 0.623046875 0.7294921875 0.623046875 0.7587890625 0.63671875 0.7587890625
33 0.6181640625 0.7314453125 0.603515625 0.7314453125 0.603515625 0.7607421875 0.6181640625 0.7607421875
39 0.5986328125 0.732421875 0.583984375 0.732421875 0.583984375 0.76171875 0.5986328125 0.76171875
51 0.5791015625 0.734375 0.564453125 0.734375 0.564453125 0.763671875 0.5791015625 0.763671875
41 0.5595703125 0.7353515625 0.544921875 0.7353515625 0.544921875 0.763671875 0.5595703125 0.763671875
19 0.4003906250000001 0.7490234375 0.3876953125000001 0.7490234375 0.3876953125000001 0.7763671875 0.4003906250000001 0.7763671875
41 0.4189453125000001 0.74609375 0.4062500000000001 0.74609375 0.4062500000000001 0.7744140625 0.4189453125000001 0.7744140625
46 0.4384765625000001 0.7451171875 0.4248046875000001 0.7451171875 0.4248046875000001 0.7734375 0.4384765625000001 0.7734375
26 0.4560546875000001 0.7421875 0.4433593750000001 0.7421875 0.4433593750000001 0.7705078125 0.4560546875000001 0.7705078125
22 0.4755859375000001 0.7412109375 0.4619140625000001 0.7412109375 0.4619140625000001 0.76953125 0.4755859375000001 0.76953125
39 0.4941406250000001 0.740234375 0.4804687500000001 0.740234375 0.4804687500000001 0.7685546875 0.4941406250000001 0.7685546875
32 0.5146484375 0.73828125 0.5 0.73828125 0.5 0.767578125 0.5146484375 0.767578125
31 0.5322265625 0.73828125 0.5185546875 0.73828125 0.5185546875 0.765625 0.5322265625 0.765625
42 0.3183593750000001 0.7958984375 0.3037109375000001 0.7958984375 0.3037109375000001 0.8251953125 0.3183593750000001 0.8251953125
26 0.3369140625000001 0.7958984375 0.3222656250000001 0.7958984375 0.3222656250000001 0.82421875 0.3369140625000001 0.82421875
29 0.3544921875000001 0.79296875 0.3417968750000001 0.79296875 0.3417968750000001 0.8212890625 0.3544921875000001 0.8212890625
30 0.3730468750000001 0.7919921875 0.3603515625000001 0.7919921875 0.3603515625000001 0.8203125 0.3730468750000001 0.8203125
37 0.3906250000000001 0.7900390625 0.3779296875000001 0.7900390625 0.3779296875000001 0.818359375 0.3906250000000001 0.818359375
42 0.4189453125000001 0.7880859375 0.4052734375000001 0.7880859375 0.4052734375000001 0.81640625 0.4189453125000001 0.81640625
19 0.4355468750000001 0.787109375 0.4228515625000001 0.787109375 0.4228515625000001 0.8134765625 0.4355468750000001 0.8134765625
20 0.4541015625000001 0.78515625 0.4414062500000001 0.78515625 0.4414062500000001 0.8134765625 0.4541015625000001 0.8134765625
40 0.4746093750000001 0.783203125 0.4599609375000001 0.783203125 0.4599609375000001 0.8115234375 0.4746093750000001 0.8115234375
46 0.4931640625000001 0.7822265625 0.4794921875000001 0.7822265625 0.4794921875000001 0.810546875 0.4931640625000001 0.810546875
32 0.5126953125 0.78125 0.4990234375000001 0.78125 0.4990234375000001 0.8095703125 0.5126953125 0.8095703125
43 0.5390625 0.779296875 0.525390625 0.779296875 0.525390625 0.8076171875 0.5390625 0.8076171875
47 0.5859375 0.7763671875 0.572265625 0.7763671875 0.572265625 0.8046875 0.5859375 0.8046875
23 0.65234375 0.7705078125 0.638671875 0.7705078125 0.638671875 0.80078125 0.65234375 0.80078125
40 0.6728515625 0.7705078125 0.658203125 0.7705078125 0.658203125 0.80078125 0.6728515625 0.80078125
47 0.7421875 0.7666015625 0.7275390625 0.7666015625 0.7275390625 0.7958984375 0.7421875 0.7958984375
20 0.3574218750000001 0.833984375 0.3437500000000001 0.833984375 0.3437500000000001 0.8623046875 0.3574218750000001 0.8623046875
26 0.3750000000000001 0.833984375 0.3613281250000001 0.833984375 0.3613281250000001 0.8623046875 0.3750000000000001 0.8623046875
54 0.3945312500000001 0.8310546875 0.3808593750000001 0.8310546875 0.3808593750000001 0.859375 0.3945312500000001 0.859375
41 0.4199218750000001 0.828125 0.4062500000000001 0.828125 0.4062500000000001 0.8564453125 0.4199218750000001 0.8564453125
26 0.4394531250000001 0.828125 0.4248046875000001 0.828125 0.4248046875000001 0.85546875 0.4394531250000001 0.85546875
42 0.4570312500000001 0.826171875 0.4433593750000001 0.826171875 0.4433593750000001 0.8544921875 0.4570312500000001 0.8544921875
26 0.4765625000000001 0.8251953125 0.4619140625000001 0.8251953125 0.4619140625000001 0.853515625 0.4765625000000001 0.853515625
42 0.4951171875000001 0.82421875 0.4804687500000001 0.82421875 0.4804687500000001 0.8515625 0.4951171875000001 0.8515625
32 0.513671875 0.822265625 0.5 0.822265625 0.5 0.8505859375 0.513671875 0.8505859375
49 0.533203125 0.8203125 0.5185546875 0.8203125 0.5185546875 0.8505859375 0.533203125 0.8505859375
19 0.55078125 0.8203125 0.537109375 0.8203125 0.537109375 0.84765625 0.55078125 0.84765625
30 0.578125 0.8173828125 0.5654296875 0.8173828125 0.5654296875 0.8466796875 0.578125 0.8466796875
49 0.607421875 0.81640625 0.5927734375 0.81640625 0.5927734375 0.8447265625 0.607421875 0.8447265625
32 0.626953125 0.814453125 0.611328125 0.814453125 0.611328125 0.8447265625 0.626953125 0.8447265625
50 0.646484375 0.814453125 0.6318359375 0.814453125 0.6318359375 0.84375 0.646484375 0.84375
40 0.666015625 0.8134765625 0.650390625 0.8134765625 0.650390625 0.841796875 0.666015625 0.841796875
23 0.6845703125 0.8115234375 0.669921875 0.8115234375 0.669921875 0.83984375 0.6845703125 0.83984375
39 0.705078125 0.810546875 0.689453125 0.810546875 0.689453125 0.83984375 0.705078125 0.83984375
32 0.7255859375 0.810546875 0.7109375 0.810546875 0.7109375 0.8388671875 0.7255859375 0.8388671875
50 0.7451171875 0.8095703125 0.7294921875 0.8095703125 0.7294921875 0.8388671875 0.7451171875 0.8388671875