40 0.22753906250000006 0.33984375 0.21289062500000006 0.33984375 0.21289062500000006 0.3740234375 0.22753906250000006 0.3740234375
40 0.24609375000000006 0.3388671875 0.23242187500000006 0.3388671875 0.23242187500000006 0.37109375 0.24609375000000006 0.37109375
40 0.263671875 0.3359375 0.25 0.3359375 0.25 0.3701171875 0.263671875 0.3701171875
34 0.2919921875 0.333984375 0.27734375 0.333984375 0.27734375 0.3662109375 0.2919921875 0.3662109375
28 0.3115234375 0.330078125 0.2958984375 0.330078125 0.2958984375 0.36328125 0.3115234375 0.36328125
30 0.330078125 0.326171875 0.31640625 0.326171875 0.31640625 0.361328125 0.330078125 0.361328125
23 0.3515625 0.32421875 0.3349609375 0.32421875 0.3349609375 0.357421875 0.3515625 0.357421875
24 0.3818359375 0.32421875 0.3662109375 0.32421875 0.3662109375 0.3564453125 0.3818359375 0.3564453125
23 0.412109375 0.3154296875 0.3955078125 0.3154296875 0.3955078125 0.3515625 0.412109375 0.3515625
26 0.43359375 0.3125 0.4169921875 0.3125 0.4169921875 0.3486328125 0.43359375 0.3486328125
44 0.4560546875 0.31054687500000006 0.4384765625 0.310546875 0.4384765625 0.34667968750000006 0.4560546875 0.3466796875000001
53 0.478515625 0.3076171875000001 0.4619140625 0.3076171875000001 0.4619140625 0.3447265625000001 0.478515625 0.3447265625000001
49 0.5009765625 0.3027343750000001 0.4833984375 0.3027343750000001 0.4833984375 0.3398437500000001 0.5009765625 0.3398437500000001
19 0.5224609375 0.3007812500000001 0.5048828125 0.3007812500000001 0.5048828125 0.3359375000000001 0.5224609375 0.3359375000000001
52 0.548828125 0.2968750000000001 0.529296875 0.2968750000000001 0.529296875 0.3359375000000001 0.548828125 0.3359375000000001
19 0.583984375 0.2919921875000001 0.5654296875 0.2919921875000001 0.5654296875 0.3291015625000001 0.583984375 0.3291015625000001
41 0.609375 0.2871093750000001 0.58984375 0.2871093750000001 0.58984375 0.3291015625000001 0.609375 0.3291015625000001
46 0.63671875 0.2822265625000001 0.6171875 0.2822265625000001 0.6171875 0.3251953125000001 0.63671875 0.3251953125000001
26 0.6630859375 0.2802734375000001 0.642578125 0.2802734375000001 0.642578125 0.3203125000000001 0.6630859375 0.3203125000000001
33 0.69140625 0.2763671875000001 0.669921875 0.2763671875000001 0.669921875 0.3173828125000001 0.69140625 0.3173828125000001
19 0.71875 0.2724609375000001 0.6982421875 0.2724609375000001 0.6982421875 0.3144531250000001 0.71875 0.3144531250000001
35 0.75 0.2675781250000001 0.7265625 0.2675781250000001 0.7265625 0.3105468750000001 0.75 0.3105468750000001
19 0.3037109375 0.37890625 0.287109375 0.37890625 0.287109375 0.4130859375 0.3037109375 0.4130859375
41 0.3203125 0.3779296875 0.306640625 0.3779296875 0.306640625 0.4130859375 0.3203125 0.4130859375
46 0.3408203125 0.375 0.326171875 0.375 0.326171875 0.412109375 0.3408203125 0.412109375
26 0.3603515625 0.3740234375 0.3466796875 0.3740234375 0.3466796875 0.41015625 0.3603515625 0.41015625
22 0.3828125 0.37109375 0.3662109375 0.37109375 0.3662109375 0.40625 0.3828125 0.40625
39 0.4033203125 0.3681640625 0.3857421875 0.3681640625 0.3857421875 0.4052734375 0.4033203125 0.4052734375
32 0.4248046875 0.3662109375 0.408203125 0.3662109375 0.408203125 0.404296875 0.4248046875 0.404296875
31 0.4462890625 0.365234375 0.4296875 0.365234375 0.4296875 0.4013671875 0.4462890625 0.4013671875
41 0.478515625 0.3613281250000001 0.4619140625 0.3613281250000001 0.4619140625 0.3994140625000001 0.478515625 0.3994140625000001
51 0.5029296875 0.3593750000000001 0.484375 0.3593750000000001 0.484375 0.3974609375000001 0.5029296875 0.3974609375000001
39 0.5263671875 0.3544921875000001 0.5078125 0.3544921875000001 0.5078125 0.3935546875000001 0.5263671875 0.3935546875000001
33 0.55078125 0.3515625000000001 0.5302734375 0.3515625000000001 0.5302734375 0.3935546875000001 0.55078125 0.3935546875000001
46 0.57421875 0.3496093750000001 0.5556640625 0.3496093750000001 0.5556640625 0.3906250000000001 0.57421875 0.3906250000000001
42 0.21484375000000006 0.4365234375 0.19921875000000006 0.4365234375 0.19921875000000006 0.470703125 0.21484375000000006 0.470703125
26 0.23242187500000006 0.435546875 0.21875000000000006 0.435546875 0.21875000000000006 0.470703125 0.23242187500000006 0.470703125
29 0.25097656250000006 0.43359375 0.23632812500000006 0.43359375 0.23632812500000006 0.4677734375 0.2509765625000001 0.4677734375
30 0.26855468750000006 0.431640625 0.2548828125 0.431640625 0.25488281250000006 0.466796875 0.2685546875000001 0.466796875
37 0.28808593750000006 0.4306640625 0.2744140625 0.4306640625 0.27441406250000006 0.4658203125 0.2880859375000001 0.4658203125
42 0.31738281250000006 0.4287109375 0.3017578125 0.4287109375 0.30175781250000006 0.46484375 0.3173828125000001 0.46484375
19 0.33691406250000006 0.4267578125 0.3212890625 0.4267578125 0.32128906250000006 0.46484375 0.3369140625000001 0.46484375
20 0.35742187500000006 0.4248046875 0.3408203125 0.4248046875 0.34082031250000006 0.4619140625 0.3574218750000001 0.4619140625
40 0.37792968750000006 0.4228515625 0.3603515625 0.4228515625 0.36035156250000006 0.4609375 0.3779296875000001 0.4609375
46 0.39843750000000006 0.421875 0.3818359375 0.421875 0.38183593750000006 0.458984375 0.3984375000000001 0.458984375
32 0.41992187500000006 0.419921875 0.4033203125 0.419921875 0.40332031250000006 0.4580078125 0.4199218750000001 0.4580078125
43 0.45214843750000006 0.416015625 0.435546875 0.416015625 0.43554687500000006 0.455078125 0.4521484375000001 0.455078125
47 0.5087890625 0.4121093750000001 0.4912109375 0.4121093750000001 0.4912109375 0.4521484375000001 0.5087890625 0.4521484375000001
23 0.5927734375 0.4042968750000001 0.57421875 0.4042968750000001 0.57421875 0.4443359375000001 0.5927734375 0.4443359375000001
40 0.6181640625 0.4023437500000001 0.5986328125 0.4023437500000001 0.5986328125 0.4433593750000001 0.6181640625 0.4433593750000001
47 0.71484375 0.3935546875000001 0.693359375 0.3935546875000001 0.693359375 0.4365234375000001 0.71484375 0.4365234375000001
20 0.2509765625000001 0.4833984375 0.23535156250000006 0.4833984375 0.23535156250000006 0.51953125 0.2509765625000001 0.51953125
26 0.2695312500000001 0.48046875 0.2539062500000001 0.48046875 0.2539062500000001 0.5166015625 0.2695312500000001 0.5166015625
54 0.2880859375000001 0.478515625 0.2724609375000001 0.478515625 0.2724609375000001 0.515625 0.2880859375000001 0.515625
41 0.3154296875000001 0.478515625 0.3007812500000001 0.478515625 0.3007812500000001 0.5146484375 0.3154296875000001 0.5146484375
26 0.3359375000000001 0.4775390625 0.3203125000000001 0.4775390625 0.3203125000000001 0.5146484375 0.3359375000000001 0.5146484375
42 0.3564453125000001 0.4765625 0.3398437500000001 0.4765625 0.3398437500000001 0.513671875 0.3564453125000001 0.513671875
26 0.3789062500000001 0.474609375 0.3613281250000001 0.474609375 0.3613281250000001 0.5126953125 0.3789062500000001 0.5126953125
42 0.3984375000000001 0.4736328125 0.3818359375000001 0.4736328125 0.3818359375000001 0.51171875 0.3984375000000001 0.51171875
32 0.4199218750000001 0.4716796875 0.4033203125000001 0.4716796875 0.4033203125000001 0.509765625 0.4199218750000001 0.509765625
49 0.4423828125000001 0.4716796875 0.4238281250000001 0.4716796875 0.4238281250000001 0.5087890625 0.4423828125000001 0.5087890625
19 0.4638671875000001 0.47070312500000006 0.4462890625000001 0.470703125 0.4462890625000001 0.505859375 0.4638671875000001 0.505859375
30 0.4960937500000001 0.4667968750000001 0.4794921875000001 0.4667968750000001 0.4794921875000001 0.505859375 0.4960937500000001 0.505859375
49 0.53125 0.4658203125000001 0.513671875 0.4658203125000001 0.513671875 0.5048828125 0.53125 0.5048828125
32 0.556640625 0.4648437500000001 0.537109375 0.4648437500000001 0.537109375 0.5048828125 0.556640625 0.5048828125
50 0.5810546875 0.4638671875000001 0.5615234375 0.4638671875000001 0.5615234375 0.505859375 0.5810546875 0.505859375
40 0.607421875 0.4628906250000001 0.5859375 0.4628906250000001 0.5859375 0.501953125 0.607421875 0.501953125
23 0.6328125 0.4589843750000001 0.61328125 0.4589843750000001 0.61328125 0.501953125 0.6328125 0.501953125
39 0.66015625 0.4589843750000001 0.638671875 0.4589843750000001 0.638671875 0.5 0.66015625 0.5
32 0.6884765625 0.4580078125000001 0.66796875 0.4580078125000001 0.66796875 0.4990234375000001 0.6884765625 0.4990234375000001
50 0.7177734375 0.4550781250000001 0.6953125 0.4550781250000001 0.6953125 0.4980468750000001 0.7177734375 0.4980468750000001