40 0.2460937500000001 0.71875 0.2294921875000001 0.71875 0.2294921875000001 0.7529296875 0.2460937500000001 0.7529296875
40 0.2675781250000001 0.7197265625 0.2509765625000001 0.7197265625 0.2509765625000001 0.7529296875 0.2675781250000001 0.7529296875
40 0.2871093750000001 0.720703125 0.2724609375000001 0.720703125 0.2724609375000001 0.75390625 0.2871093750000001 0.75390625
34 0.3203125000000001 0.7216796875 0.3037109375000001 0.7216796875 0.3037109375000001 0.75390625 0.3203125000000001 0.75390625
28 0.3398437500000001 0.7216796875 0.3242187500000001 0.7216796875 0.3242187500000001 0.7529296875 0.3398437500000001 0.7529296875
30 0.3623046875000001 0.720703125 0.3457031250000001 0.720703125 0.3457031250000001 0.7509765625 0.3623046875000001 0.7509765625
23 0.3837890625000001 0.720703125 0.3662109375000001 0.720703125 0.3662109375000001 0.751953125 0.3837890625000001 0.751953125
24 0.4179687500000001 0.724609375 0.4003906250000001 0.724609375 0.4003906250000001 0.7568359375 0.4179687500000001 0.7568359375
23 0.4492187500000001 0.7216796875 0.4316406250000001 0.7216796875 0.4316406250000001 0.7548828125 0.4492187500000001 0.7548828125
26 0.4716796875000001 0.7216796875 0.4541015625000001 0.7216796875 0.4541015625000001 0.7548828125 0.4716796875000001 0.7548828125
44 0.4951171875000001 0.7236328125 0.4765625000000001 0.7236328125 0.4765625000000001 0.7578125 0.4951171875000001 0.7578125
53 0.517578125 0.7236328125 0.5 0.7236328125 0.5 0.7587890625 0.517578125 0.7587890625
49 0.541015625 0.7236328125 0.5234375 0.7236328125 0.5234375 0.7568359375 0.541015625 0.7568359375
19 0.5625 0.724609375 0.544921875 0.724609375 0.544921875 0.7578125 0.5625 0.7578125
52 0.587890625 0.7265625 0.5693359375 0.7265625 0.5693359375 0.76171875 0.587890625 0.76171875
19 0.62109375 0.7265625 0.6044921875 0.7265625 0.6044921875 0.7607421875 0.62109375 0.7607421875
41 0.646484375 0.7275390625 0.6279296875 0.7275390625 0.6279296875 0.76171875 0.646484375 0.76171875
46 0.671875 0.728515625 0.654296875 0.728515625 0.654296875 0.7626953125 0.671875 0.7626953125
26 0.6962890625 0.73046875 0.677734375 0.73046875 0.677734375 0.765625 0.6962890625 0.765625
33 0.72265625 0.732421875 0.703125 0.732421875 0.703125 0.765625 0.72265625 0.765625
19 0.74609375 0.732421875 0.728515625 0.732421875 0.728515625 0.765625 0.74609375 0.765625
35 0.7734375 0.734375 0.7548828125 0.734375 0.7548828125 0.7705078125 0.7734375 0.7705078125
19 0.3330078125000001 0.765625 0.3173828125000001 0.765625 0.3173828125000001 0.796875 0.3330078125000001 0.796875
41 0.3535156250000001 0.7666015625 0.3378906250000001 0.7666015625 0.3378906250000001 0.798828125 0.3535156250000001 0.798828125
46 0.3779296875000001 0.765625 0.3603515625000001 0.765625 0.3603515625000001 0.798828125 0.3779296875000001 0.798828125
26 0.3984375000000001 0.7666015625 0.3828125000000001 0.7666015625 0.3828125000000001 0.798828125 0.3984375000000001 0.798828125
22 0.4199218750000001 0.7685546875 0.4033203125000001 0.7685546875 0.4033203125000001 0.798828125 0.4199218750000001 0.798828125
39 0.4414062500000001 0.7685546875 0.4238281250000001 0.7685546875 0.4238281250000001 0.7998046875 0.4414062500000001 0.7998046875
32 0.4658203125000001 0.76953125 0.4482421875000001 0.76953125 0.4482421875000001 0.802734375 0.4658203125000001 0.802734375
31 0.4882812500000001 0.7705078125 0.4697265625000001 0.7705078125 0.4697265625000001 0.8037109375 0.4882812500000001 0.8037109375
41 0.51953125 0.7734375 0.501953125 0.7734375 0.501953125 0.8046875 0.51953125 0.8046875
51 0.54296875 0.771484375 0.525390625 0.771484375 0.525390625 0.8076171875 0.54296875 0.8076171875
39 0.56640625 0.7724609375 0.548828125 0.7724609375 0.548828125 0.806640625 0.56640625 0.806640625
33 0.587890625 0.7724609375 0.5703125 0.7724609375 0.5703125 0.8076171875 0.587890625 0.8076171875
46 0.6142578125 0.775390625 0.595703125 0.775390625 0.595703125 0.80859375 0.6142578125 0.80859375
42 0.2392578125000001 0.8076171875 0.2216796875000001 0.8076171875 0.2216796875000001 0.8408203125 0.2392578125000001 0.8408203125
26 0.2597656250000001 0.810546875 0.2441406250000001 0.810546875 0.2441406250000001 0.84375 0.2597656250000001 0.84375
29 0.2802734375000001 0.8115234375 0.2646484375000001 0.8115234375 0.2646484375000001 0.841796875 0.2802734375000001 0.841796875
30 0.3007812500000001 0.8115234375 0.2861328125000001 0.8115234375 0.2861328125000001 0.8427734375 0.3007812500000001 0.8427734375
37 0.3222656250000001 0.8095703125 0.3066406250000001 0.8095703125 0.3066406250000001 0.8427734375 0.3222656250000001 0.8427734375
42 0.3525390625000001 0.8125 0.3359375000000001 0.8125 0.3359375000000001 0.8447265625 0.3525390625000001 0.8447265625
19 0.3730468750000001 0.8134765625 0.3574218750000001 0.8134765625 0.3574218750000001 0.8466796875 0.3730468750000001 0.8466796875
20 0.3945312500000001 0.8134765625 0.3779296875000001 0.8134765625 0.3779296875000001 0.8466796875 0.3945312500000001 0.8466796875
40 0.4179687500000001 0.814453125 0.4003906250000001 0.814453125 0.4003906250000001 0.84765625 0.4179687500000001 0.84765625
46 0.4404296875000001 0.81640625 0.4228515625000001 0.81640625 0.4228515625000001 0.8466796875 0.4404296875000001 0.8466796875
32 0.4619140625000001 0.814453125 0.4453125000000001 0.814453125 0.4453125000000001 0.84765625 0.4619140625000001 0.84765625
43 0.4951171875000001 0.8173828125 0.4775390625000001 0.8173828125 0.4775390625000001 0.849609375 0.4951171875000001 0.849609375
47 0.5498046875 0.8193359375 0.5322265625 0.8193359375 0.5322265625 0.85546875 0.5498046875 0.85546875
23 0.630859375 0.82421875 0.6123046875 0.82421875 0.6123046875 0.8583984375 0.630859375 0.8583984375
40 0.65625 0.8251953125 0.63671875 0.8251953125 0.63671875 0.8603515625 0.65625 0.8603515625
47 0.740234375 0.8310546875 0.7216796875 0.8310546875 0.7216796875 0.8671875 0.740234375 0.8671875
20 0.2832031250000001 0.853515625 0.2675781250000001 0.853515625 0.2675781250000001 0.88671875 0.2832031250000001 0.88671875
26 0.3046875000000001 0.8544921875 0.2880859375000001 0.8544921875 0.2880859375000001 0.8876953125 0.3046875000000001 0.8876953125
54 0.3261718750000001 0.85546875 0.3095703125000001 0.85546875 0.3095703125000001 0.8876953125 0.3261718750000001 0.8876953125
41 0.3564453125000001 0.857421875 0.3398437500000001 0.857421875 0.3398437500000001 0.8876953125 0.3564453125000001 0.8876953125
26 0.3769531250000001 0.8564453125 0.3603515625000001 0.8564453125 0.3603515625000001 0.8896484375 0.3769531250000001 0.8896484375
42 0.3984375000000001 0.857421875 0.3808593750000001 0.857421875 0.3808593750000001 0.8896484375 0.3984375000000001 0.8896484375
26 0.4208984375000001 0.8583984375 0.4033203125000001 0.8583984375 0.4033203125000001 0.8935546875 0.4208984375000001 0.8935546875
42 0.4414062500000001 0.8583984375 0.4238281250000001 0.8583984375 0.4238281250000001 0.8916015625 0.4414062500000001 0.8916015625
32 0.4638671875000001 0.8603515625 0.4462890625000001 0.8603515625 0.4462890625000001 0.8935546875 0.4638671875000001 0.8935546875
49 0.4853515625000001 0.8623046875 0.4687500000000001 0.8623046875 0.4687500000000001 0.896484375 0.4853515625000001 0.896484375
19 0.505859375 0.8642578125 0.4892578125000001 0.8642578125 0.4892578125000001 0.896484375 0.505859375 0.896484375
30 0.541015625 0.8642578125 0.5234375 0.8642578125 0.5234375 0.8994140625 0.541015625 0.8994140625
49 0.57421875 0.869140625 0.556640625 0.869140625 0.556640625 0.9013671875 0.57421875 0.9013671875
32 0.59765625 0.8701171875 0.5791015625 0.8701171875 0.5791015625 0.90234375 0.59765625 0.90234375
50 0.6201171875 0.8720703125 0.6025390625 0.8720703125 0.6025390625 0.9052734375 0.6201171875 0.9052734375
40 0.6435546875 0.873046875 0.625 0.873046875 0.625 0.90625 0.6435546875 0.90625
23 0.6669921875000001 0.875 0.6484375 0.875 0.6484375000000001 0.9072265625 0.6669921875000002 0.9072265625
39 0.6923828125000001 0.8759765625 0.671875 0.8759765625 0.6718750000000001 0.91015625 0.6923828125000002 0.91015625
32 0.7177734375000001 0.87890625 0.6962890625 0.87890625 0.6962890625000001 0.912109375 0.7177734375000002 0.912109375
50 0.7412109375000001 0.8798828125 0.7216796875 0.8798828125 0.7216796875000001 0.9140625 0.7412109375000002 0.9140625