51 0.23046875000000006 0.5673828125 0.21875000000000006 0.5673828125 0.21875000000000006 0.591796875 0.23046875000000006 0.591796875
22 0.24316406250000006 0.568359375 0.23242187500000006 0.568359375 0.23242187500000006 0.591796875 0.24316406250000006 0.591796875
26 0.2568359375000001 0.5693359375 0.24707031250000006 0.5693359375 0.24707031250000006 0.5908203125 0.2568359375000001 0.5908203125
20 0.2705078125000001 0.5703125 0.2597656250000001 0.5703125 0.2597656250000001 0.5927734375 0.2705078125000001 0.5927734375
39 0.2841796875000001 0.5693359375 0.2724609375000001 0.5693359375 0.2724609375000001 0.59375 0.2841796875000001 0.59375
19 0.2978515625000001 0.5703125 0.2871093750000001 0.5703125 0.2871093750000001 0.5947265625 0.2978515625000001 0.5947265625
52 0.3125000000000001 0.5703125 0.3007812500000001 0.5703125 0.3007812500000001 0.595703125 0.3125000000000001 0.595703125
19 0.3320312500000001 0.572265625 0.3203125000000001 0.572265625 0.3203125000000001 0.595703125 0.3320312500000001 0.595703125
51 0.3466796875000001 0.572265625 0.3349609375000001 0.572265625 0.3349609375000001 0.5966796875 0.3466796875000001 0.5966796875
23 0.3613281250000001 0.572265625 0.3496093750000001 0.572265625 0.3496093750000001 0.595703125 0.3613281250000001 0.595703125
30 0.3759765625000001 0.5732421875 0.3642578125000001 0.5732421875 0.3642578125000001 0.5966796875 0.3759765625000001 0.5966796875
46 0.3906250000000001 0.5732421875 0.3789062500000001 0.5732421875 0.3789062500000001 0.5966796875 0.3906250000000001 0.5966796875
40 0.4042968750000001 0.57421875 0.3925781250000001 0.57421875 0.3925781250000001 0.5986328125 0.4042968750000001 0.5986328125
42 0.4189453125000001 0.5751953125 0.4072265625000001 0.5751953125 0.4072265625000001 0.599609375 0.4189453125000001 0.599609375
30 0.4335937500000001 0.5751953125 0.4218750000000001 0.5751953125 0.4218750000000001 0.5986328125 0.4335937500000001 0.5986328125
52 0.4492187500000001 0.57421875 0.4365234375000001 0.57421875 0.4365234375000001 0.6005859375 0.4492187500000001 0.6005859375
23 0.4707031250000001 0.576171875 0.4570312500000001 0.576171875 0.4570312500000001 0.6025390625 0.4707031250000001 0.6025390625
36 0.4853515625000001 0.576171875 0.4726562500000001 0.576171875 0.4726562500000001 0.6015625 0.4853515625000001 0.6015625
52 0.5009765625 0.5771484375 0.4873046875000001 0.5771484375 0.4873046875000001 0.603515625 0.5009765625 0.603515625
41 0.521484375 0.578125 0.5078125 0.578125 0.5078125 0.6025390625 0.521484375 0.6025390625
42 0.537109375 0.578125 0.5244140625 0.578125 0.5244140625 0.603515625 0.537109375 0.603515625
40 0.552734375 0.5791015625 0.5390625 0.5791015625 0.5390625 0.6044921875 0.552734375 0.6044921875
49 0.5693359375 0.580078125 0.5556640625 0.580078125 0.5556640625 0.60546875 0.5693359375 0.60546875
26 0.583984375 0.5791015625 0.5712890625 0.5791015625 0.5712890625 0.6044921875 0.583984375 0.6044921875
23 0.599609375 0.580078125 0.5859375 0.580078125 0.5859375 0.6064453125 0.599609375 0.6064453125
26 0.6162109375 0.580078125 0.6015625 0.580078125 0.6015625 0.6064453125 0.6162109375 0.6064453125
39 0.6318359375 0.5810546875 0.6181640625 0.5810546875 0.6181640625 0.607421875 0.6318359375 0.607421875
30 0.646484375 0.58203125 0.634765625 0.58203125 0.634765625 0.607421875 0.646484375 0.607421875
52 0.6630859375 0.58203125 0.6494140625 0.58203125 0.6494140625 0.609375 0.6630859375 0.609375
36 0.2548828125000001 0.6015625 0.24218750000000006 0.6015625 0.24218750000000006 0.625 0.2548828125000001 0.625
19 0.2685546875000001 0.6005859375 0.2558593750000001 0.6005859375 0.2558593750000001 0.625 0.2685546875000001 0.625
20 0.2822265625000001 0.6015625 0.2695312500000001 0.6015625 0.2695312500000001 0.625 0.2822265625000001 0.625
40 0.2949218750000001 0.6015625 0.2832031250000001 0.6015625 0.2832031250000001 0.6259765625 0.2949218750000001 0.6259765625
42 0.3095703125000001 0.603515625 0.2968750000000001 0.603515625 0.2968750000000001 0.6279296875 0.3095703125000001 0.6279296875
19 0.3222656250000001 0.6044921875 0.3105468750000001 0.6044921875 0.3105468750000001 0.626953125 0.3222656250000001 0.626953125
46 0.3369140625000001 0.6044921875 0.3242187500000001 0.6044921875 0.3242187500000001 0.6279296875 0.3369140625000001 0.6279296875
40 0.3505859375000001 0.60546875 0.3388671875000001 0.60546875 0.3388671875000001 0.62890625 0.3505859375000001 0.62890625
42 0.3652343750000001 0.60546875 0.3525390625000001 0.60546875 0.3525390625000001 0.6298828125 0.3652343750000001 0.6298828125
39 0.3798828125000001 0.60546875 0.3671875000000001 0.60546875 0.3671875000000001 0.630859375 0.3798828125000001 0.630859375
32 0.3945312500000001 0.6064453125 0.3818359375000001 0.6064453125 0.3818359375000001 0.630859375 0.3945312500000001 0.630859375
50 0.4091796875000001 0.6064453125 0.3955078125000001 0.6064453125 0.3955078125000001 0.6318359375 0.4091796875000001 0.6318359375
55 0.4228515625000001 0.6083984375 0.4101562500000001 0.6083984375 0.4101562500000001 0.6328125 0.4228515625000001 0.6328125
41 0.4443359375000001 0.609375 0.4316406250000001 0.609375 0.4316406250000001 0.6328125 0.4443359375000001 0.6328125
42 0.4589843750000001 0.609375 0.4462890625000001 0.609375 0.4462890625000001 0.6337890625 0.4589843750000001 0.6337890625
19 0.4726562500000001 0.609375 0.4609375000000001 0.609375 0.4609375000000001 0.6337890625 0.4726562500000001 0.6337890625
33 0.4892578125000001 0.6103515625 0.4755859375000001 0.6103515625 0.4755859375000001 0.634765625 0.4892578125000001 0.634765625
46 0.50390625 0.6103515625 0.4912109375000001 0.6103515625 0.4912109375000001 0.634765625 0.50390625 0.634765625
30 0.5185546875 0.611328125 0.5068359375 0.611328125 0.5068359375 0.634765625 0.5185546875 0.634765625
22 0.5341796875 0.6123046875 0.521484375 0.6123046875 0.521484375 0.6376953125 0.5341796875 0.6376953125
26 0.5498046875 0.6123046875 0.5361328125 0.6123046875 0.5361328125 0.6357421875 0.5498046875 0.6357421875
43 0.564453125 0.61328125 0.552734375 0.61328125 0.552734375 0.638671875 0.564453125 0.638671875
33 0.580078125 0.6142578125 0.5673828125 0.6142578125 0.5673828125 0.638671875 0.580078125 0.638671875
30 0.595703125 0.6142578125 0.58203125 0.6142578125 0.58203125 0.6396484375 0.595703125 0.6396484375
50 0.6123046875 0.615234375 0.5986328125 0.615234375 0.5986328125 0.6416015625 0.6123046875 0.6416015625
30 0.634765625 0.6162109375 0.62109375 0.6162109375 0.62109375 0.640625 0.634765625 0.640625
36 0.3203125000000001 0.6357421875 0.3066406250000001 0.6357421875 0.3066406250000001 0.66015625 0.3203125000000001 0.66015625
26 0.3339843750000001 0.63671875 0.3212890625000001 0.63671875 0.3212890625000001 0.6611328125 0.3339843750000001 0.6611328125
33 0.3476562500000001 0.6376953125 0.3359375000000001 0.6376953125 0.3359375000000001 0.662109375 0.3476562500000001 0.662109375
21 0.3613281250000001 0.638671875 0.3496093750000001 0.638671875 0.3496093750000001 0.66015625 0.3613281250000001 0.66015625
30 0.3750000000000001 0.6396484375 0.3642578125000001 0.6396484375 0.3642578125000001 0.662109375 0.3750000000000001 0.662109375
40 0.3906250000000001 0.638671875 0.3769531250000001 0.638671875 0.3769531250000001 0.6630859375 0.3906250000000001 0.6630859375
39 0.4033203125000001 0.640625 0.3925781250000001 0.640625 0.3925781250000001 0.6640625 0.4033203125000001 0.6640625
39 0.4189453125000001 0.640625 0.4082031250000001 0.640625 0.4082031250000001 0.6650390625 0.4189453125000001 0.6650390625
32 0.4335937500000001 0.6416015625 0.4208984375000001 0.6416015625 0.4208984375000001 0.6650390625 0.4335937500000001 0.6650390625
50 0.4482421875000001 0.642578125 0.4355468750000001 0.642578125 0.4355468750000001 0.666015625 0.4482421875000001 0.666015625
54 0.4707031250000001 0.642578125 0.4580078125000001 0.642578125 0.4580078125000001 0.6669921875 0.4707031250000001 0.6669921875
19 0.4833984375000001 0.6435546875 0.4716796875000001 0.6435546875 0.4716796875000001 0.66796875 0.4833984375000001 0.66796875
39 0.5 0.64453125 0.4873046875000001 0.64453125 0.4873046875000001 0.6689453125 0.5 0.6689453125
52 0.5146484375 0.64453125 0.5029296875 0.64453125 0.5029296875 0.669921875 0.5146484375 0.669921875
46 0.529296875 0.646484375 0.5185546875 0.646484375 0.5185546875 0.6708984375 0.529296875 0.6708984375
30 0.544921875 0.6455078125 0.5322265625 0.6455078125 0.5322265625 0.6708984375 0.544921875 0.6708984375
31 0.5595703125 0.646484375 0.546875 0.646484375 0.546875 0.6708984375 0.5595703125 0.6708984375