49 0.4160156250000001 0.4599609375 0.4052734375000001 0.4599609375 0.4052734375000001 0.482421875 0.4160156250000001 0.482421875
32 0.4316406250000001 0.4599609375 0.4199218750000001 0.4599609375 0.4199218750000001 0.482421875 0.4316406250000001 0.482421875
54 0.4472656250000001 0.4599609375 0.4365234375000001 0.4599609375 0.4365234375000001 0.482421875 0.4472656250000001 0.482421875
40 0.4619140625000001 0.45996093750000006 0.4511718750000001 0.4599609375 0.4511718750000001 0.48242187500000006 0.4619140625000001 0.4824218750000001
49 0.4775390625000001 0.4599609375000001 0.4658203125000001 0.4599609375000001 0.4658203125000001 0.4824218750000001 0.4775390625000001 0.4824218750000001
41 0.5068359375 0.4589843750000001 0.4960937500000001 0.4589843750000001 0.4960937500000001 0.4814453125000001 0.5068359375 0.4814453125000001
26 0.5205078125 0.4589843750000001 0.5107421875 0.4589843750000001 0.5107421875 0.4804687500000001 0.5205078125 0.4804687500000001
42 0.5341796875 0.4589843750000001 0.5244140625 0.4589843750000001 0.5244140625 0.4804687500000001 0.5341796875 0.4804687500000001
43 0.5498046875 0.4580078125000001 0.5380859375 0.4580078125000001 0.5380859375 0.4804687500000001 0.5498046875 0.4804687500000001
40 0.5625 0.4589843750000001 0.552734375 0.4589843750000001 0.552734375 0.4804687500000001 0.5625 0.4804687500000001
39 0.5771484375 0.4570312500000001 0.56640625 0.4570312500000001 0.56640625 0.4804687500000001 0.5771484375 0.4804687500000001
19 0.5908203125 0.4570312500000001 0.5810546875 0.4570312500000001 0.5810546875 0.4794921875000001 0.5908203125 0.4794921875000001
36 0.603515625 0.4580078125000001 0.5927734375 0.4580078125000001 0.5927734375 0.4785156250000001 0.603515625 0.4785156250000001
19 0.6171875 0.4570312500000001 0.607421875 0.4570312500000001 0.607421875 0.4775390625000001 0.6171875 0.4775390625000001
47 0.6298828125 0.4589843750000001 0.6201171875 0.4589843750000001 0.6201171875 0.4785156250000001 0.6298828125 0.4785156250000001
41 0.4160156250000001 0.4931640625 0.4042968750000001 0.4931640625 0.4042968750000001 0.5166015625 0.4160156250000001 0.5166015625
40 0.4306640625000001 0.494140625 0.4199218750000001 0.494140625 0.4199218750000001 0.5166015625 0.4306640625000001 0.5166015625
23 0.4462890625000001 0.4921875 0.4355468750000001 0.4921875 0.4355468750000001 0.5146484375 0.4462890625000001 0.5146484375
54 0.4755859375000001 0.4921875000000001 0.4648437500000001 0.4921875000000001 0.4648437500000001 0.515625 0.4755859375000001 0.515625
39 0.4912109375000001 0.4912109375000001 0.4794921875000001 0.4912109375000001 0.4794921875000001 0.513671875 0.4912109375000001 0.513671875
19 0.5048828125 0.4912109375000001 0.4941406250000001 0.4912109375000001 0.4941406250000001 0.5126953125 0.5048828125 0.5126953125
33 0.5185546875 0.4912109375000001 0.5087890625 0.4912109375000001 0.5087890625 0.5126953125 0.5185546875 0.5126953125
40 0.533203125 0.4902343750000001 0.5224609375 0.4902343750000001 0.5224609375 0.5126953125 0.533203125 0.5126953125
37 0.5478515625 0.4902343750000001 0.537109375 0.4902343750000001 0.537109375 0.51171875 0.5478515625 0.51171875