49 0.3300781250000001 0.5107421875 0.3173828125000001 0.5107421875 0.3173828125000001 0.5361328125 0.3300781250000001 0.5361328125
32 0.3466796875000001 0.51171875 0.3339843750000001 0.51171875 0.3339843750000001 0.5361328125 0.3466796875000001 0.5361328125
54 0.3632812500000001 0.5126953125 0.3496093750000001 0.5126953125 0.3496093750000001 0.5380859375 0.3632812500000001 0.5380859375
40 0.3789062500000001 0.5126953125 0.3662109375000001 0.5126953125 0.3662109375000001 0.537109375 0.3789062500000001 0.537109375
49 0.3964843750000001 0.513671875 0.3837890625000001 0.513671875 0.3837890625000001 0.5380859375 0.3964843750000001 0.5380859375
41 0.4287109375000001 0.513671875 0.4169921875000001 0.513671875 0.4169921875000001 0.5380859375 0.4287109375000001 0.5380859375
26 0.4462890625000001 0.5146484375 0.4335937500000001 0.5146484375 0.4335937500000001 0.5400390625 0.4462890625000001 0.5400390625
42 0.4619140625000001 0.5146484375 0.4501953125000001 0.5146484375 0.4501953125000001 0.5390625 0.4619140625000001 0.5390625
43 0.4785156250000001 0.5146484375 0.4667968750000001 0.5146484375 0.4667968750000001 0.5390625 0.4785156250000001 0.5390625
40 0.4960937500000001 0.5146484375 0.4833984375000001 0.5146484375 0.4833984375000001 0.5390625 0.4960937500000001 0.5390625
39 0.51171875 0.5146484375 0.5 0.5146484375 0.5 0.5390625 0.51171875 0.5390625
19 0.529296875 0.515625 0.5166015625 0.515625 0.5166015625 0.541015625 0.529296875 0.541015625
36 0.5458984375 0.5146484375 0.533203125 0.5146484375 0.533203125 0.5390625 0.5458984375 0.5390625
19 0.5615234375 0.515625 0.5498046875 0.515625 0.5498046875 0.5390625 0.5615234375 0.5390625
47 0.578125 0.5146484375 0.56640625 0.5146484375 0.56640625 0.5390625 0.578125 0.5390625
41 0.3300781250000001 0.5458984375 0.3183593750000001 0.5458984375 0.3183593750000001 0.5703125 0.3300781250000001 0.5703125
40 0.3466796875000001 0.5458984375 0.3349609375000001 0.5458984375 0.3349609375000001 0.5703125 0.3466796875000001 0.5703125
23 0.3632812500000001 0.546875 0.3515625000000001 0.546875 0.3515625000000001 0.5712890625 0.3632812500000001 0.5712890625
54 0.3964843750000001 0.5478515625 0.3847656250000001 0.5478515625 0.3847656250000001 0.5712890625 0.3964843750000001 0.5712890625
39 0.4130859375000001 0.5478515625 0.4013671875000001 0.5478515625 0.4013671875000001 0.5712890625 0.4130859375000001 0.5712890625
19 0.4296875000000001 0.5478515625 0.4179687500000001 0.5478515625 0.4179687500000001 0.572265625 0.4296875000000001 0.572265625
33 0.4462890625000001 0.5478515625 0.4345703125000001 0.5478515625 0.4345703125000001 0.5712890625 0.4462890625000001 0.5712890625
40 0.4628906250000001 0.5478515625 0.4501953125000001 0.5478515625 0.4501953125000001 0.572265625 0.4628906250000001 0.572265625
37 0.4785156250000001 0.548828125 0.4667968750000001 0.548828125 0.4667968750000001 0.572265625 0.4785156250000001 0.572265625