40 0.2900390625000001 0.529296875 0.2802734375000001 0.529296875 0.2802734375000001 0.5537109375 0.2900390625000001 0.5537109375
40 0.3027343750000001 0.5302734375 0.2929687500000001 0.5302734375 0.2929687500000001 0.552734375 0.3027343750000001 0.552734375
40 0.3154296875000001 0.52734375 0.3046875000000001 0.52734375 0.3046875000000001 0.5517578125 0.3154296875000001 0.5517578125
34 0.3339843750000001 0.5244140625 0.3232421875000001 0.5244140625 0.3232421875000001 0.548828125 0.3339843750000001 0.548828125
28 0.3486328125000001 0.5224609375 0.3378906250000001 0.5224609375 0.3378906250000001 0.546875 0.3486328125000001 0.546875
30 0.3623046875000001 0.5205078125 0.3515625000000001 0.5205078125 0.3515625000000001 0.544921875 0.3623046875000001 0.544921875
23 0.3750000000000001 0.517578125 0.3652343750000001 0.517578125 0.3652343750000001 0.5419921875 0.3750000000000001 0.5419921875
24 0.3945312500000001 0.5166015625 0.3837890625000001 0.5166015625 0.3837890625000001 0.541015625 0.3945312500000001 0.541015625
23 0.4169921875000001 0.51171875 0.4062500000000001 0.51171875 0.4062500000000001 0.5361328125 0.4169921875000001 0.5361328125
26 0.4306640625000001 0.5107421875 0.4199218750000001 0.5107421875 0.4199218750000001 0.53515625 0.4306640625000001 0.53515625
44 0.4453125000000001 0.5087890625 0.4345703125000001 0.5087890625 0.4345703125000001 0.5341796875 0.4453125000000001 0.5341796875
53 0.4609375000000001 0.5068359375 0.4501953125000001 0.5068359375 0.4501953125000001 0.5322265625 0.4609375000000001 0.5322265625
49 0.4755859375000001 0.50390625 0.4638671875000001 0.50390625 0.4638671875000001 0.529296875 0.4755859375000001 0.529296875
19 0.4902343750000001 0.501953125 0.4794921875000001 0.501953125 0.4794921875000001 0.52734375 0.4902343750000001 0.52734375
52 0.5068359375 0.4990234375000001 0.4951171875000001 0.4990234375000001 0.4951171875000001 0.525390625 0.5068359375 0.525390625
19 0.53125 0.4960937500000001 0.5185546875 0.4960937500000001 0.5185546875 0.521484375 0.53125 0.521484375
41 0.546875 0.4921875000000001 0.53515625 0.4921875000000001 0.53515625 0.5205078125 0.546875 0.5205078125
46 0.564453125 0.4902343750000001 0.5517578125 0.4902343750000001 0.5517578125 0.5185546875 0.564453125 0.5185546875
26 0.58203125 0.4892578125000001 0.568359375 0.4892578125000001 0.568359375 0.515625 0.58203125 0.515625
33 0.5986328125 0.4873046875000001 0.5859375 0.4873046875000001 0.5859375 0.513671875 0.5986328125 0.513671875
19 0.6162109375 0.4843750000000001 0.603515625 0.4843750000000001 0.603515625 0.5087890625 0.6162109375 0.5087890625
35 0.6357421875 0.4804687500000001 0.6220703125 0.4804687500000001 0.6220703125 0.509765625 0.6357421875 0.509765625
46 0.5234375 0.53515625 0.509765625 0.53515625 0.509765625 0.5634765625 0.5234375 0.5634765625
33 0.505859375 0.537109375 0.4941406250000001 0.537109375 0.4941406250000001 0.5654296875 0.505859375 0.5654296875
39 0.4912109375000001 0.5380859375 0.4785156250000001 0.5380859375 0.4785156250000001 0.56640625 0.4912109375000001 0.56640625
51 0.4746093750000001 0.541015625 0.4628906250000001 0.541015625 0.4628906250000001 0.5693359375 0.4746093750000001 0.5693359375
41 0.4589843750000001 0.54296875 0.4472656250000001 0.54296875 0.4472656250000001 0.5693359375 0.4589843750000001 0.5693359375
19 0.3388671875000001 0.5576171875 0.3291015625000001 0.5576171875 0.3291015625000001 0.5791015625 0.3388671875000001 0.5791015625
41 0.3515625000000001 0.5556640625 0.3408203125000001 0.5556640625 0.3408203125000001 0.5810546875 0.3515625000000001 0.5810546875
46 0.3662109375000001 0.5537109375 0.3544921875000001 0.5537109375 0.3544921875000001 0.5791015625 0.3662109375000001 0.5791015625
26 0.3789062500000001 0.5517578125 0.3701171875000001 0.5517578125 0.3701171875000001 0.5771484375 0.3789062500000001 0.5771484375
22 0.3935546875000001 0.55078125 0.3818359375000001 0.55078125 0.3818359375000001 0.576171875 0.3935546875000001 0.576171875
39 0.4082031250000001 0.5478515625 0.3964843750000001 0.5478515625 0.3964843750000001 0.5751953125 0.4082031250000001 0.5751953125
32 0.4218750000000001 0.5458984375 0.4111328125000001 0.5458984375 0.4111328125000001 0.57421875 0.4218750000000001 0.57421875
31 0.4375000000000001 0.5458984375 0.4248046875000001 0.5458984375 0.4248046875000001 0.572265625 0.4375000000000001 0.572265625
42 0.2734375000000001 0.5986328125 0.2626953125000001 0.5986328125 0.2626953125000001 0.6240234375 0.2734375000000001 0.6240234375
26 0.2871093750000001 0.59765625 0.2773437500000001 0.59765625 0.2773437500000001 0.623046875 0.2871093750000001 0.623046875
29 0.2998046875000001 0.5966796875 0.2890625000000001 0.5966796875 0.2890625000000001 0.62109375 0.2998046875000001 0.62109375
30 0.3125000000000001 0.5947265625 0.3027343750000001 0.5947265625 0.3027343750000001 0.6201171875 0.3125000000000001 0.6201171875
37 0.3271484375000001 0.59375 0.3154296875000001 0.59375 0.3154296875000001 0.619140625 0.3271484375000001 0.619140625
42 0.3457031250000001 0.591796875 0.3349609375000001 0.591796875 0.3349609375000001 0.6171875 0.3457031250000001 0.6171875
19 0.3593750000000001 0.5908203125 0.3496093750000001 0.5908203125 0.3496093750000001 0.6142578125 0.3593750000000001 0.6142578125
20 0.3730468750000001 0.58984375 0.3623046875000001 0.58984375 0.3623046875000001 0.61328125 0.3730468750000001 0.61328125
40 0.3867187500000001 0.5888671875 0.3759765625000001 0.5888671875 0.3759765625000001 0.6142578125 0.3867187500000001 0.6142578125
46 0.4023437500000001 0.5859375 0.3906250000000001 0.5859375 0.3906250000000001 0.61328125 0.4023437500000001 0.61328125
32 0.4169921875000001 0.5849609375 0.4042968750000001 0.5849609375 0.4042968750000001 0.6123046875 0.4169921875000001 0.6123046875
43 0.4394531250000001 0.58203125 0.4257812500000001 0.58203125 0.4257812500000001 0.6103515625 0.4394531250000001 0.6103515625
47 0.4775390625000001 0.576171875 0.4658203125000001 0.576171875 0.4658203125000001 0.6064453125 0.4775390625000001 0.6064453125
23 0.5341796875 0.572265625 0.5205078125 0.572265625 0.5205078125 0.6015625 0.5341796875 0.6015625
40 0.55078125 0.5712890625 0.537109375 0.5712890625 0.537109375 0.6005859375 0.55078125 0.6005859375
47 0.61328125 0.5615234375 0.599609375 0.5615234375 0.599609375 0.595703125 0.61328125 0.595703125
20 0.2958984375000001 0.6328125 0.2851562500000001 0.6328125 0.2851562500000001 0.65625 0.2958984375000001 0.65625
26 0.3085937500000001 0.630859375 0.2988281250000001 0.630859375 0.2988281250000001 0.6552734375 0.3085937500000001 0.6552734375
54 0.3212890625000001 0.6298828125 0.3105468750000001 0.6298828125 0.3105468750000001 0.65625 0.3212890625000001 0.65625
41 0.3427734375000001 0.6279296875 0.3300781250000001 0.6279296875 0.3300781250000001 0.654296875 0.3427734375000001 0.654296875
26 0.3564453125000001 0.6279296875 0.3466796875000001 0.6279296875 0.3466796875000001 0.6533203125 0.3564453125000001 0.6533203125
42 0.3701171875000001 0.626953125 0.3583984375000001 0.626953125 0.3583984375000001 0.6533203125 0.3701171875000001 0.6533203125
26 0.3847656250000001 0.625 0.3740234375000001 0.625 0.3740234375000001 0.65234375 0.3847656250000001 0.65234375
42 0.3994140625000001 0.6240234375 0.3867187500000001 0.6240234375 0.3867187500000001 0.6513671875 0.3994140625000001 0.6513671875
32 0.4140625000000001 0.623046875 0.4013671875000001 0.623046875 0.4013671875000001 0.650390625 0.4140625000000001 0.650390625
49 0.4296875000000001 0.62109375 0.4169921875000001 0.62109375 0.4169921875000001 0.6494140625 0.4296875000000001 0.6494140625
19 0.4453125000000001 0.62109375 0.4326171875000001 0.62109375 0.4326171875000001 0.6474609375 0.4453125000000001 0.6474609375
30 0.4667968750000001 0.619140625 0.4550781250000001 0.619140625 0.4550781250000001 0.6474609375 0.4667968750000001 0.6474609375
49 0.4912109375000001 0.6162109375 0.4785156250000001 0.6162109375 0.4785156250000001 0.6455078125 0.4912109375000001 0.6455078125
32 0.5078125 0.615234375 0.4941406250000001 0.615234375 0.4941406250000001 0.64453125 0.5078125 0.64453125
50 0.5244140625 0.615234375 0.51171875 0.615234375 0.51171875 0.6435546875 0.5244140625 0.6435546875
40 0.541015625 0.61328125 0.5283203125 0.61328125 0.5283203125 0.6416015625 0.541015625 0.6416015625
23 0.5595703125 0.611328125 0.5458984375 0.611328125 0.5458984375 0.6416015625 0.5595703125 0.6416015625
39 0.5771484375 0.6103515625 0.5625 0.6103515625 0.5625 0.640625 0.5771484375 0.640625
32 0.595703125 0.609375 0.5810546875 0.609375 0.5810546875 0.6396484375 0.595703125 0.6396484375
50 0.61328125 0.6083984375 0.599609375 0.6083984375 0.599609375 0.6396484375 0.61328125 0.6396484375