33 0.6181640625 0.3750000000000001 0.6123046875 0.3750000000000001 0.6123046875 0.3876953125000001 0.6181640625 0.3876953125000001
40 0.6240234375 0.3759765625000001 0.619140625 0.3759765625000001 0.619140625 0.3876953125000001 0.6240234375 0.3876953125000001
37 0.630859375 0.3759765625000001 0.625 0.3759765625000001 0.625 0.3876953125000001 0.630859375 0.3876953125000001
41 0.63671875 0.3769531250000001 0.630859375 0.3769531250000001 0.630859375 0.3886718750000001 0.63671875 0.3886718750000001
38 0.642578125 0.3779296875000001 0.6376953125 0.3779296875000001 0.6376953125 0.3896484375000001 0.642578125 0.3896484375000001
48 0.6484375 0.3779296875000001 0.6435546875 0.3779296875000001 0.6435546875 0.3896484375000001 0.6484375 0.3896484375000001
46 0.6552734375 0.3779296875000001 0.650390625 0.3779296875000001 0.650390625 0.3896484375000001 0.6552734375 0.3896484375000001
26 0.6611328125 0.3789062500000001 0.65625 0.3789062500000001 0.65625 0.3896484375000001 0.6611328125 0.3896484375000001
42 0.666015625 0.3789062500000001 0.662109375 0.3789062500000001 0.662109375 0.3906250000000001 0.666015625 0.3906250000000001
39 0.6728515625 0.3798828125000001 0.66796875 0.3798828125000001 0.66796875 0.3916015625000001 0.6728515625 0.3916015625000001
32 0.6787109375 0.3808593750000001 0.673828125 0.3808593750000001 0.673828125 0.3925781250000001 0.6787109375 0.3925781250000001
31 0.6845703125 0.3808593750000001 0.6796875 0.3808593750000001 0.6796875 0.3925781250000001 0.6845703125 0.3925781250000001
33 0.6923828125 0.3818359375000001 0.6875 0.3818359375000001 0.6875 0.3925781250000001 0.6923828125 0.3925781250000001
36 0.6982421875 0.3818359375000001 0.693359375 0.3818359375000001 0.693359375 0.3935546875000001 0.6982421875 0.3935546875000001
19 0.7041015625 0.3828125000000001 0.69921875 0.3828125000000001 0.69921875 0.3935546875000001 0.7041015625 0.3935546875000001
43 0.708984375 0.3828125000000001 0.7041015625 0.3828125000000001 0.7041015625 0.3945312500000001 0.708984375 0.3945312500000001
43 0.71484375 0.3837890625000001 0.7099609375 0.3837890625000001 0.7099609375 0.3945312500000001 0.71484375 0.3945312500000001
51 0.576171875 0.3886718750000001 0.5712890625 0.3886718750000001 0.5712890625 0.4003906250000001 0.576171875 0.4003906250000001
22 0.5830078125 0.3886718750000001 0.578125 0.3886718750000001 0.578125 0.4013671875000001 0.5830078125 0.4013671875000001
26 0.5888671875 0.3896484375000001 0.583984375 0.3896484375000001 0.583984375 0.4013671875000001 0.5888671875 0.4013671875000001
20 0.595703125 0.3906250000000001 0.5908203125 0.3906250000000001 0.5908203125 0.4023437500000001 0.595703125 0.4023437500000001
39 0.6025390625 0.3906250000000001 0.5966796875 0.3906250000000001 0.5966796875 0.4023437500000001 0.6025390625 0.4023437500000001
19 0.6083984375 0.3906250000000001 0.603515625 0.3906250000000001 0.603515625 0.4023437500000001 0.6083984375 0.4023437500000001
52 0.615234375 0.3916015625000001 0.609375 0.3916015625000001 0.609375 0.4033203125000001 0.615234375 0.4033203125000001
19 0.6240234375 0.3916015625000001 0.619140625 0.3916015625000001 0.619140625 0.4033203125000001 0.6240234375 0.4033203125000001
51 0.630859375 0.3925781250000001 0.6259765625 0.3925781250000001 0.6259765625 0.4042968750000001 0.630859375 0.4042968750000001
23 0.63671875 0.3935546875000001 0.630859375 0.3935546875000001 0.630859375 0.4052734375000001 0.63671875 0.4052734375000001
30 0.642578125 0.3935546875000001 0.6376953125 0.3935546875000001 0.6376953125 0.4052734375000001 0.642578125 0.4052734375000001
46 0.6484375 0.3945312500000001 0.6435546875 0.3945312500000001 0.6435546875 0.4052734375000001 0.6484375 0.4052734375000001
40 0.654296875 0.3945312500000001 0.6494140625 0.3945312500000001 0.6494140625 0.4062500000000001 0.654296875 0.4062500000000001
42 0.66015625 0.3955078125000001 0.6552734375 0.3955078125000001 0.6552734375 0.4072265625000001 0.66015625 0.4072265625000001
30 0.6669921875 0.3955078125000001 0.662109375 0.3955078125000001 0.662109375 0.4062500000000001 0.6669921875 0.4062500000000001
52 0.6728515625 0.3955078125000001 0.66796875 0.3955078125000001 0.66796875 0.4072265625000001 0.6728515625 0.4072265625000001
23 0.681640625 0.3964843750000001 0.6767578125 0.3964843750000001 0.6767578125 0.4082031250000001 0.681640625 0.4082031250000001
36 0.6875 0.3964843750000001 0.6826171875 0.3964843750000001 0.6826171875 0.4082031250000001 0.6875 0.4082031250000001
52 0.6923828125 0.3974609375000001 0.6875 0.3974609375000001 0.6875 0.4091796875000001 0.6923828125 0.4091796875000001
41 0.701171875 0.3984375000000001 0.6962890625 0.3984375000000001 0.6962890625 0.4091796875000001 0.701171875 0.4091796875000001
42 0.7060546875 0.3984375000000001 0.701171875 0.3984375000000001 0.701171875 0.4091796875000001 0.7060546875 0.4091796875000001
40 0.7109375 0.3984375000000001 0.70703125 0.3984375000000001 0.70703125 0.4101562500000001 0.7109375 0.4101562500000001
49 0.716796875 0.3994140625000001 0.712890625 0.3994140625000001 0.712890625 0.4101562500000001 0.716796875 0.4101562500000001
26 0.72265625 0.3994140625000001 0.7177734375 0.3994140625000001 0.7177734375 0.4101562500000001 0.72265625 0.4101562500000001
23 0.7275390625 0.4003906250000001 0.7236328125 0.4003906250000001 0.7236328125 0.4111328125000001 0.7275390625 0.4111328125000001
26 0.7333984375 0.4003906250000001 0.728515625 0.4003906250000001 0.728515625 0.4111328125000001 0.7333984375 0.4111328125000001
39 0.73828125 0.4013671875000001 0.734375 0.4013671875000001 0.734375 0.4121093750000001 0.73828125 0.4121093750000001
30 0.744140625 0.4013671875000001 0.7392578125 0.4013671875000001 0.7392578125 0.4121093750000001 0.744140625 0.4121093750000001
52 0.7490234375 0.4013671875000001 0.7451171875 0.4013671875000001 0.7451171875 0.4130859375000001 0.7490234375 0.4130859375000001
36 0.509765625 0.4013671875000001 0.50390625 0.4013671875000001 0.50390625 0.4140625000000001 0.509765625 0.4140625000000001
19 0.517578125 0.4013671875000001 0.51171875 0.4013671875000001 0.51171875 0.4140625000000001 0.517578125 0.4140625000000001
20 0.5244140625 0.4023437500000001 0.5185546875 0.4023437500000001 0.5185546875 0.4150390625000001 0.5244140625 0.4150390625000001
40 0.53125 0.4023437500000001 0.525390625 0.4023437500000001 0.525390625 0.4150390625000001 0.53125 0.4150390625000001
42 0.5380859375 0.4033203125000001 0.5322265625 0.4033203125000001 0.5322265625 0.4160156250000001 0.5380859375 0.4160156250000001
19 0.544921875 0.4033203125000001 0.5390625 0.4033203125000001 0.5390625 0.4160156250000001 0.544921875 0.4160156250000001
46 0.55078125 0.4042968750000001 0.5458984375 0.4042968750000001 0.5458984375 0.4160156250000001 0.55078125 0.4160156250000001
40 0.5576171875 0.4042968750000001 0.552734375 0.4042968750000001 0.552734375 0.4169921875000001 0.5576171875 0.4169921875000001
42 0.5654296875 0.4052734375000001 0.5595703125 0.4052734375000001 0.5595703125 0.4169921875000001 0.5654296875 0.4169921875000001
39 0.5712890625 0.4052734375000001 0.56640625 0.4052734375000001 0.56640625 0.4169921875000001 0.5712890625 0.4169921875000001
32 0.578125 0.4062500000000001 0.572265625 0.4062500000000001 0.572265625 0.4179687500000001 0.578125 0.4179687500000001
50 0.5849609375 0.4062500000000001 0.5791015625 0.4062500000000001 0.5791015625 0.4179687500000001 0.5849609375 0.4179687500000001
55 0.5908203125 0.4062500000000001 0.5859375 0.4062500000000001 0.5859375 0.4179687500000001 0.5908203125 0.4179687500000001
41 0.6005859375 0.4072265625000001 0.595703125 0.4072265625000001 0.595703125 0.4189453125000001 0.6005859375 0.4189453125000001
42 0.6064453125 0.4072265625000001 0.6015625 0.4072265625000001 0.6015625 0.4199218750000001 0.6064453125 0.4199218750000001
19 0.61328125 0.4082031250000001 0.6083984375 0.4082031250000001 0.6083984375 0.4199218750000001 0.61328125 0.4199218750000001
33 0.6201171875 0.4082031250000001 0.6142578125 0.4082031250000001 0.6142578125 0.4199218750000001 0.6201171875 0.4199218750000001
46 0.6259765625 0.4091796875000001 0.62109375 0.4091796875000001 0.62109375 0.4208984375000001 0.6259765625 0.4208984375000001
30 0.6318359375 0.4091796875000001 0.626953125 0.4091796875000001 0.626953125 0.4199218750000001 0.6318359375 0.4199218750000001
22 0.638671875 0.4091796875000001 0.6337890625 0.4091796875000001 0.6337890625 0.4208984375000001 0.638671875 0.4208984375000001
26 0.64453125 0.4101562500000001 0.638671875 0.4101562500000001 0.638671875 0.4218750000000001 0.64453125 0.4218750000000001
43 0.650390625 0.4101562500000001 0.6455078125 0.4101562500000001 0.6455078125 0.4218750000000001 0.650390625 0.4218750000000001
33 0.65625 0.4111328125000001 0.6513671875 0.4111328125000001 0.6513671875 0.4228515625000001 0.65625 0.4228515625000001
30 0.662109375 0.4111328125000001 0.6572265625 0.4111328125000001 0.6572265625 0.4218750000000001 0.662109375 0.4218750000000001
50 0.66796875 0.4111328125000001 0.6630859375 0.4111328125000001 0.6630859375 0.4228515625000001 0.66796875 0.4228515625000001
30 0.6767578125 0.4121093750000001 0.671875 0.4121093750000001 0.671875 0.4228515625000001 0.6767578125 0.4228515625000001
43 0.685546875 0.4130859375000001 0.6806640625 0.4130859375000001 0.6806640625 0.4248046875000001 0.685546875 0.4248046875000001
19 0.6904296875 0.4130859375000001 0.6865234375 0.4130859375000001 0.6865234375 0.4238281250000001 0.6904296875 0.4238281250000001
37 0.697265625 0.4130859375000001 0.6923828125 0.4130859375000001 0.6923828125 0.4248046875000001 0.697265625 0.4248046875000001
40 0.7021484375 0.4130859375000001 0.697265625 0.4130859375000001 0.697265625 0.4248046875000001 0.7021484375 0.4248046875000001
43 0.70703125 0.4140625000000001 0.703125 0.4140625000000001 0.703125 0.4248046875000001 0.70703125 0.4248046875000001
46 0.712890625 0.4150390625000001 0.708984375 0.4150390625000001 0.708984375 0.4257812500000001 0.712890625 0.4257812500000001
40 0.71875 0.4150390625000001 0.7138671875 0.4150390625000001 0.7138671875 0.4257812500000001 0.71875 0.4257812500000001
52 0.7236328125 0.4150390625000001 0.7197265625 0.4150390625000001 0.7197265625 0.4267578125000001 0.7236328125 0.4267578125000001
46 0.7294921875 0.4150390625000001 0.724609375 0.4150390625000001 0.724609375 0.4267578125000001 0.7294921875 0.4267578125000001
26 0.734375 0.4160156250000001 0.73046875 0.4160156250000001 0.73046875 0.4267578125000001 0.734375 0.4267578125000001
36 0.740234375 0.4160156250000001 0.7353515625 0.4160156250000001 0.7353515625 0.4267578125000001 0.740234375 0.4267578125000001
38 0.7451171875 0.4160156250000001 0.7412109375 0.4160156250000001 0.7412109375 0.4277343750000001 0.7451171875 0.4277343750000001
39 0.7509765625 0.4169921875000001 0.74609375 0.4169921875000001 0.74609375 0.4277343750000001 0.7509765625 0.4277343750000001
32 0.755859375 0.4169921875000001 0.7509765625 0.4169921875000001 0.7509765625 0.4287109375000001 0.755859375 0.4287109375000001
50 0.7607421875 0.4179687500000001 0.7568359375 0.4179687500000001 0.7568359375 0.4287109375000001 0.7607421875 0.4287109375000001
54 0.7685546875 0.4179687500000001 0.763671875 0.4179687500000001 0.763671875 0.4287109375000001 0.7685546875 0.4287109375000001
19 0.7734375 0.4189453125000001 0.76953125 0.4189453125000001 0.76953125 0.4296875000000001 0.7734375 0.4296875000000001
39 0.7783203125 0.4189453125000001 0.7744140625 0.4189453125000001 0.7744140625 0.4296875000000001 0.7783203125 0.4296875000000001
52 0.783203125 0.4189453125000001 0.779296875 0.4189453125000001 0.779296875 0.4296875000000001 0.783203125 0.4296875000000001
46 0.7880859375 0.4199218750000001 0.7841796875 0.4199218750000001 0.7841796875 0.4306640625000001 0.7880859375 0.4306640625000001
30 0.79296875 0.4199218750000001 0.7890625 0.4199218750000001 0.7890625 0.4296875000000001 0.79296875 0.4296875000000001
31 0.7978515625 0.4199218750000001 0.7939453125 0.4199218750000001 0.7939453125 0.4306640625000001 0.7978515625 0.4306640625000001