49 0.3623046875000001 0.72265625 0.3496093750000001 0.72265625 0.3496093750000001 0.7470703125 0.3623046875000001 0.7470703125
32 0.3808593750000001 0.720703125 0.3671875000000001 0.720703125 0.3671875000000001 0.74609375 0.3808593750000001 0.74609375
54 0.3984375000000001 0.7197265625 0.3847656250000001 0.7197265625 0.3847656250000001 0.7431640625 0.3984375000000001 0.7431640625
40 0.4160156250000001 0.716796875 0.4023437500000001 0.716796875 0.4023437500000001 0.7412109375 0.4160156250000001 0.7412109375
49 0.4335937500000001 0.7138671875 0.4208984375000001 0.7138671875 0.4208984375000001 0.73828125 0.4335937500000001 0.73828125
41 0.4667968750000001 0.7099609375 0.4550781250000001 0.7099609375 0.4550781250000001 0.734375 0.4667968750000001 0.734375
26 0.4843750000000001 0.7080078125 0.4716796875000001 0.7080078125 0.4716796875000001 0.7314453125 0.4843750000000001 0.7314453125
42 0.5 0.70703125 0.4882812500000001 0.70703125 0.4882812500000001 0.7294921875 0.5 0.7294921875
43 0.5166015625 0.703125 0.50390625 0.703125 0.50390625 0.7265625 0.5166015625 0.7265625
40 0.5322265625 0.7021484375 0.5205078125 0.7021484375 0.5205078125 0.724609375 0.5322265625 0.724609375
39 0.548828125 0.6982421875 0.537109375 0.6982421875 0.537109375 0.7216796875 0.548828125 0.7216796875
19 0.5634765625 0.697265625 0.552734375 0.697265625 0.552734375 0.7197265625 0.5634765625 0.7197265625
36 0.580078125 0.6943359375 0.568359375 0.6943359375 0.568359375 0.716796875 0.580078125 0.716796875
19 0.5947265625 0.6923828125 0.583984375 0.6923828125 0.583984375 0.7138671875 0.5947265625 0.7138671875
47 0.609375 0.6884765625 0.5986328125 0.6884765625 0.5986328125 0.7109375 0.609375 0.7109375
41 0.3623046875000001 0.7587890625 0.3505859375000001 0.7587890625 0.3505859375000001 0.7822265625 0.3623046875000001 0.7822265625
40 0.3808593750000001 0.7568359375 0.3681640625000001 0.7568359375 0.3681640625000001 0.779296875 0.3808593750000001 0.779296875
23 0.3974609375000001 0.7529296875 0.3857421875000001 0.7529296875 0.3857421875000001 0.77734375 0.3974609375000001 0.77734375
54 0.4326171875000001 0.7490234375 0.4199218750000001 0.7490234375 0.4199218750000001 0.7724609375 0.4326171875000001 0.7724609375
39 0.4501953125000001 0.74609375 0.4375000000000001 0.74609375 0.4375000000000001 0.7705078125 0.4501953125000001 0.7705078125
19 0.4667968750000001 0.744140625 0.4541015625000001 0.744140625 0.4541015625000001 0.767578125 0.4667968750000001 0.767578125
33 0.4824218750000001 0.7421875 0.4707031250000001 0.7421875 0.4707031250000001 0.7646484375 0.4824218750000001 0.7646484375
40 0.4990234375000001 0.7392578125 0.4873046875000001 0.7392578125 0.4873046875000001 0.7626953125 0.4990234375000001 0.7626953125
37 0.515625 0.7353515625 0.50390625 0.7353515625 0.50390625 0.759765625 0.515625 0.759765625