49 0.3896484375000001 0.6748046875 0.3808593750000001 0.6748046875 0.3808593750000001 0.6943359375 0.3896484375000001 0.6943359375
32 0.4023437500000001 0.6767578125 0.3935546875000001 0.6767578125 0.3935546875000001 0.6962890625 0.4023437500000001 0.6962890625
54 0.4150390625000001 0.677734375 0.4052734375000001 0.677734375 0.4052734375000001 0.6982421875 0.4150390625000001 0.6982421875
40 0.4277343750000001 0.6796875 0.4179687500000001 0.6796875 0.4179687500000001 0.69921875 0.4277343750000001 0.69921875
49 0.4414062500000001 0.6826171875 0.4316406250000001 0.6826171875 0.4316406250000001 0.7021484375 0.4414062500000001 0.7021484375
41 0.4667968750000001 0.6845703125 0.4570312500000001 0.6845703125 0.4570312500000001 0.7041015625 0.4667968750000001 0.7041015625
26 0.4804687500000001 0.685546875 0.4697265625000001 0.685546875 0.4697265625000001 0.7060546875 0.4804687500000001 0.7060546875
42 0.4931640625000001 0.6875 0.4833984375000001 0.6875 0.4833984375000001 0.70703125 0.4931640625000001 0.70703125
43 0.5068359375 0.689453125 0.4970703125000001 0.689453125 0.4970703125000001 0.708984375 0.5068359375 0.708984375
40 0.5205078125 0.6904296875 0.5107421875 0.6904296875 0.5107421875 0.7099609375 0.5205078125 0.7099609375
39 0.5341796875 0.69140625 0.5244140625 0.69140625 0.5244140625 0.7119140625 0.5341796875 0.7119140625
19 0.5478515625 0.693359375 0.5380859375 0.693359375 0.5380859375 0.712890625 0.5478515625 0.712890625
36 0.5625 0.6943359375 0.5517578125 0.6943359375 0.5517578125 0.71484375 0.5625 0.71484375
19 0.576171875 0.6962890625 0.56640625 0.6962890625 0.56640625 0.716796875 0.576171875 0.716796875
47 0.591796875 0.6962890625 0.5810546875 0.6962890625 0.5810546875 0.71875 0.591796875 0.71875
41 0.3906250000000001 0.701171875 0.3818359375000001 0.701171875 0.3818359375000001 0.720703125 0.3906250000000001 0.720703125
40 0.4042968750000001 0.703125 0.3945312500000001 0.703125 0.3945312500000001 0.72265625 0.4042968750000001 0.72265625
23 0.4160156250000001 0.705078125 0.4072265625000001 0.705078125 0.4072265625000001 0.724609375 0.4160156250000001 0.724609375
54 0.4423828125000001 0.708984375 0.4316406250000001 0.708984375 0.4316406250000001 0.728515625 0.4423828125000001 0.728515625
39 0.4550781250000001 0.7099609375 0.4443359375000001 0.7099609375 0.4443359375000001 0.7294921875 0.4550781250000001 0.7294921875
19 0.4677734375000001 0.7119140625 0.4580078125000001 0.7119140625 0.4580078125000001 0.73046875 0.4677734375000001 0.73046875
33 0.4814453125000001 0.7138671875 0.4716796875000001 0.7138671875 0.4716796875000001 0.7333984375 0.4814453125000001 0.7333984375
40 0.4941406250000001 0.71484375 0.4843750000000001 0.71484375 0.4843750000000001 0.734375 0.4941406250000001 0.734375
37 0.5078125 0.716796875 0.4980468750000001 0.716796875 0.4980468750000001 0.736328125 0.5078125 0.736328125