40 0.2529296875000001 0.4697265625 0.23730468750000006 0.4697265625 0.23730468750000006 0.50390625 0.2529296875000001 0.50390625
40 0.2724609375000001 0.4697265625 0.2587890625000001 0.4697265625 0.2587890625000001 0.501953125 0.2724609375000001 0.501953125
40 0.2929687500000001 0.4697265625 0.2792968750000001 0.4697265625 0.2792968750000001 0.50390625 0.2929687500000001 0.50390625
34 0.3242187500000001 0.46875 0.3095703125000001 0.46875 0.3095703125000001 0.5009765625 0.3242187500000001 0.5009765625
28 0.3457031250000001 0.4677734375 0.3300781250000001 0.4677734375 0.3300781250000001 0.501953125 0.3457031250000001 0.501953125
30 0.3671875000000001 0.466796875 0.3515625000000001 0.466796875 0.3515625000000001 0.5009765625 0.3671875000000001 0.5009765625
23 0.3876953125000001 0.4658203125 0.3720703125000001 0.4658203125 0.3720703125000001 0.4990234375 0.3876953125000001 0.4990234375
24 0.4189453125000001 0.466796875 0.4033203125000001 0.466796875 0.4033203125000001 0.4990234375 0.4189453125000001 0.4990234375
23 0.4511718750000001 0.462890625 0.4345703125000001 0.462890625 0.4345703125000001 0.5 0.4511718750000001 0.5
26 0.4736328125000001 0.4628906250000001 0.4570312500000001 0.4628906250000001 0.4570312500000001 0.4990234375000001 0.4736328125000001 0.4990234375000001
44 0.4951171875000001 0.4599609375000001 0.4775390625000001 0.4599609375000001 0.4775390625000001 0.4970703125000001 0.4951171875000001 0.4970703125000001
53 0.517578125 0.4609375000000001 0.5009765625 0.4609375000000001 0.5009765625 0.4960937500000001 0.517578125 0.4960937500000001
49 0.5400390625 0.4599609375000001 0.5224609375 0.4599609375000001 0.5224609375 0.4951171875000001 0.5400390625 0.4951171875000001
19 0.5625 0.4580078125000001 0.544921875 0.4580078125000001 0.544921875 0.4931640625000001 0.5625 0.4931640625000001
52 0.5859375 0.4580078125000001 0.5673828125 0.4580078125000001 0.5673828125 0.4941406250000001 0.5859375 0.4941406250000001
19 0.6201171875 0.4570312500000001 0.6025390625 0.4570312500000001 0.6025390625 0.4921875000000001 0.6201171875 0.4921875000000001
41 0.6435546875 0.4541015625000001 0.6259765625 0.4541015625000001 0.6259765625 0.4931640625000001 0.6435546875 0.4931640625000001
46 0.6689453125 0.4531250000000001 0.650390625 0.4531250000000001 0.650390625 0.4912109375000001 0.6689453125 0.4912109375000001
26 0.6953125 0.4531250000000001 0.6748046875 0.4531250000000001 0.6748046875 0.4892578125000001 0.6953125 0.4892578125000001
33 0.7197265625 0.4511718750000001 0.7001953125 0.4511718750000001 0.7001953125 0.4902343750000001 0.7197265625 0.4902343750000001
19 0.74609375 0.4492187500000001 0.7255859375 0.4492187500000001 0.7255859375 0.4873046875000001 0.74609375 0.4873046875000001
35 0.771484375 0.4472656250000001 0.7509765625 0.4472656250000001 0.7509765625 0.4873046875000001 0.771484375 0.4873046875000001
19 0.3330078125000001 0.5166015625 0.3183593750000001 0.5166015625 0.3183593750000001 0.548828125 0.3330078125000001 0.548828125
41 0.3535156250000001 0.5146484375 0.3388671875000001 0.5146484375 0.3388671875000001 0.5478515625 0.3535156250000001 0.5478515625
46 0.3750000000000001 0.5146484375 0.3603515625000001 0.5146484375 0.3603515625000001 0.5478515625 0.3750000000000001 0.5478515625
26 0.3964843750000001 0.5126953125 0.3818359375000001 0.5126953125 0.3818359375000001 0.548828125 0.3964843750000001 0.548828125
22 0.4189453125000001 0.513671875 0.4023437500000001 0.513671875 0.4023437500000001 0.548828125 0.4189453125000001 0.548828125
39 0.4404296875000001 0.5126953125 0.4248046875000001 0.5126953125 0.4248046875000001 0.5478515625 0.4404296875000001 0.5478515625
32 0.4638671875000001 0.51171875 0.4462890625000001 0.51171875 0.4462890625000001 0.5478515625 0.4638671875000001 0.5478515625
31 0.4843750000000001 0.513671875 0.4677734375000001 0.513671875 0.4677734375000001 0.5478515625 0.4843750000000001 0.5478515625
41 0.5166015625 0.5107421875 0.5009765625 0.5107421875 0.5009765625 0.5458984375 0.5166015625 0.5458984375
51 0.5400390625 0.5107421875 0.5234375 0.5107421875 0.5234375 0.546875 0.5400390625 0.546875
39 0.564453125 0.5078125 0.546875 0.5078125 0.546875 0.544921875 0.564453125 0.544921875
33 0.587890625 0.5068359375 0.5693359375 0.5068359375 0.5693359375 0.5458984375 0.587890625 0.5458984375
46 0.611328125 0.5078125 0.5927734375 0.5078125 0.5927734375 0.544921875 0.611328125 0.544921875
42 0.23437500000000006 0.56640625 0.21972656250000006 0.56640625 0.21972656250000006 0.599609375 0.23437500000000006 0.599609375
26 0.2548828125000001 0.5654296875 0.24121093750000006 0.5654296875 0.24121093750000006 0.599609375 0.2548828125000001 0.599609375
29 0.2753906250000001 0.5654296875 0.2607421875000001 0.5654296875 0.2607421875000001 0.5986328125 0.2753906250000001 0.5986328125
30 0.2968750000000001 0.564453125 0.2822265625000001 0.564453125 0.2822265625000001 0.59765625 0.2968750000000001 0.59765625
37 0.3173828125000001 0.5654296875 0.3017578125000001 0.5654296875 0.3017578125000001 0.5986328125 0.3173828125000001 0.5986328125
42 0.3486328125000001 0.5654296875 0.3330078125000001 0.5654296875 0.3330078125000001 0.5986328125 0.3486328125000001 0.5986328125
19 0.3701171875000001 0.564453125 0.3544921875000001 0.564453125 0.3544921875000001 0.59765625 0.3701171875000001 0.59765625
20 0.3916015625000001 0.564453125 0.3759765625000001 0.564453125 0.3759765625000001 0.59765625 0.3916015625000001 0.59765625
40 0.4121093750000001 0.564453125 0.3974609375000001 0.564453125 0.3974609375000001 0.59765625 0.4121093750000001 0.59765625
46 0.4345703125000001 0.5625 0.4189453125000001 0.5625 0.4189453125000001 0.59765625 0.4345703125000001 0.59765625
32 0.4570312500000001 0.5625 0.4404296875000001 0.5625 0.4404296875000001 0.5966796875 0.4570312500000001 0.5966796875
43 0.4902343750000001 0.5615234375 0.4736328125000001 0.5615234375 0.4736328125000001 0.59765625 0.4902343750000001 0.59765625
47 0.5458984375 0.560546875 0.529296875 0.560546875 0.529296875 0.59765625 0.5458984375 0.59765625
23 0.6279296875 0.560546875 0.609375 0.560546875 0.609375 0.59765625 0.6279296875 0.59765625
40 0.6533203125 0.55859375 0.6337890625 0.55859375 0.6337890625 0.5986328125 0.6533203125 0.5986328125
47 0.7421875 0.5576171875 0.7216796875 0.5576171875 0.7216796875 0.59765625 0.7421875 0.59765625
20 0.2734375000000001 0.6162109375 0.2587890625000001 0.6162109375 0.2587890625000001 0.6474609375 0.2734375000000001 0.6474609375
26 0.2939453125000001 0.615234375 0.2792968750000001 0.615234375 0.2792968750000001 0.6474609375 0.2939453125000001 0.6474609375
54 0.3154296875000001 0.6142578125 0.2998046875000001 0.6142578125 0.2998046875000001 0.6484375 0.3154296875000001 0.6484375
41 0.3466796875000001 0.615234375 0.3310546875000001 0.615234375 0.3310546875000001 0.6484375 0.3466796875000001 0.6484375
26 0.3681640625000001 0.61328125 0.3525390625000001 0.61328125 0.3525390625000001 0.646484375 0.3681640625000001 0.646484375
42 0.3906250000000001 0.615234375 0.3740234375000001 0.615234375 0.3740234375000001 0.6494140625 0.3906250000000001 0.6494140625
26 0.4121093750000001 0.61328125 0.3964843750000001 0.61328125 0.3964843750000001 0.6474609375 0.4121093750000001 0.6474609375
42 0.4335937500000001 0.6142578125 0.4179687500000001 0.6142578125 0.4179687500000001 0.6484375 0.4335937500000001 0.6484375
32 0.4560546875000001 0.6142578125 0.4394531250000001 0.6142578125 0.4394531250000001 0.6484375 0.4560546875000001 0.6484375
49 0.4785156250000001 0.6142578125 0.4619140625000001 0.6142578125 0.4619140625000001 0.6484375 0.4785156250000001 0.6484375
19 0.501953125 0.61328125 0.4833984375000001 0.61328125 0.4833984375000001 0.6474609375 0.501953125 0.6474609375
30 0.5341796875 0.61328125 0.517578125 0.61328125 0.517578125 0.650390625 0.5341796875 0.650390625
49 0.5693359375 0.61328125 0.5517578125 0.61328125 0.5517578125 0.6494140625 0.5693359375 0.6494140625
32 0.5927734375 0.61328125 0.5751953125 0.61328125 0.5751953125 0.650390625 0.5927734375 0.650390625
50 0.6171875 0.6142578125 0.5986328125 0.6142578125 0.5986328125 0.650390625 0.6171875 0.650390625
40 0.6416015625 0.6142578125 0.6220703125 0.6142578125 0.6220703125 0.650390625 0.6416015625 0.650390625
23 0.666015625 0.61328125 0.6474609375 0.61328125 0.6474609375 0.6494140625 0.666015625 0.6494140625
39 0.69140625 0.61328125 0.671875 0.61328125 0.671875 0.650390625 0.69140625 0.650390625
32 0.7177734375 0.615234375 0.697265625 0.615234375 0.697265625 0.65234375 0.7177734375 0.65234375
50 0.7431640625 0.6142578125 0.7236328125 0.6142578125 0.7236328125 0.65234375 0.7431640625 0.65234375