33 0.3710937500000001 0.56640625 0.3564453125000001 0.56640625 0.3564453125000001 0.59375 0.3710937500000001 0.59375
40 0.3876953125000001 0.56640625 0.3730468750000001 0.56640625 0.3730468750000001 0.59375 0.3876953125000001 0.59375
37 0.4042968750000001 0.56640625 0.3906250000000001 0.56640625 0.3906250000000001 0.59375 0.4042968750000001 0.59375
41 0.4208984375000001 0.5673828125 0.4072265625000001 0.5673828125 0.4072265625000001 0.59375 0.4208984375000001 0.59375
38 0.4375000000000001 0.5673828125 0.4238281250000001 0.5673828125 0.4238281250000001 0.59375 0.4375000000000001 0.59375
48 0.4531250000000001 0.5673828125 0.4404296875000001 0.5673828125 0.4404296875000001 0.5947265625 0.4531250000000001 0.5947265625
46 0.4697265625000001 0.56640625 0.4570312500000001 0.56640625 0.4570312500000001 0.5947265625 0.4697265625000001 0.5947265625
26 0.4863281250000001 0.5673828125 0.4736328125000001 0.5673828125 0.4736328125000001 0.59375 0.4863281250000001 0.59375
42 0.5029296875 0.5673828125 0.4902343750000001 0.5673828125 0.4902343750000001 0.59375 0.5029296875 0.59375
39 0.5185546875 0.5673828125 0.5068359375 0.5673828125 0.5068359375 0.59375 0.5185546875 0.59375
32 0.5361328125 0.568359375 0.5224609375 0.568359375 0.5224609375 0.5947265625 0.5361328125 0.5947265625
31 0.5517578125 0.568359375 0.5390625 0.568359375 0.5390625 0.595703125 0.5517578125 0.595703125
33 0.5751953125 0.568359375 0.5625 0.568359375 0.5625 0.5947265625 0.5751953125 0.5947265625
36 0.5927734375 0.568359375 0.578125 0.568359375 0.578125 0.595703125 0.5927734375 0.595703125
19 0.6083984375 0.568359375 0.5947265625 0.568359375 0.5947265625 0.59375 0.6083984375 0.59375
43 0.625 0.568359375 0.611328125 0.568359375 0.611328125 0.595703125 0.625 0.595703125
43 0.642578125 0.5693359375 0.6279296875 0.5693359375 0.6279296875 0.595703125 0.642578125 0.595703125
51 0.2597656250000001 0.6025390625 0.24609375000000006 0.6025390625 0.24609375000000006 0.6298828125 0.2597656250000001 0.6298828125
22 0.2773437500000001 0.6025390625 0.2636718750000001 0.6025390625 0.2636718750000001 0.6298828125 0.2773437500000001 0.6298828125
26 0.2939453125000001 0.603515625 0.2802734375000001 0.603515625 0.2802734375000001 0.6298828125 0.2939453125000001 0.6298828125
20 0.3105468750000001 0.603515625 0.2958984375000001 0.603515625 0.2958984375000001 0.6298828125 0.3105468750000001 0.6298828125
39 0.3281250000000001 0.603515625 0.3134765625000001 0.603515625 0.3134765625000001 0.630859375 0.3281250000000001 0.630859375
19 0.3447265625000001 0.603515625 0.3310546875000001 0.603515625 0.3310546875000001 0.6298828125 0.3447265625000001 0.6298828125
52 0.3623046875000001 0.6025390625 0.3476562500000001 0.6025390625 0.3476562500000001 0.6318359375 0.3623046875000001 0.6318359375
19 0.3867187500000001 0.603515625 0.3730468750000001 0.603515625 0.3730468750000001 0.6298828125 0.3867187500000001 0.6298828125
51 0.4042968750000001 0.6044921875 0.3896484375000001 0.6044921875 0.3896484375000001 0.6318359375 0.4042968750000001 0.6318359375
23 0.4199218750000001 0.603515625 0.4062500000000001 0.603515625 0.4062500000000001 0.630859375 0.4199218750000001 0.630859375
30 0.4375000000000001 0.603515625 0.4228515625000001 0.603515625 0.4228515625000001 0.630859375 0.4375000000000001 0.630859375
46 0.4531250000000001 0.603515625 0.4404296875000001 0.603515625 0.4404296875000001 0.630859375 0.4531250000000001 0.630859375
40 0.4697265625000001 0.603515625 0.4560546875000001 0.603515625 0.4560546875000001 0.630859375 0.4697265625000001 0.630859375
42 0.4863281250000001 0.603515625 0.4726562500000001 0.603515625 0.4726562500000001 0.6318359375 0.4863281250000001 0.6318359375
30 0.5029296875 0.603515625 0.4902343750000001 0.603515625 0.4902343750000001 0.6318359375 0.5029296875 0.6318359375
52 0.5205078125 0.6044921875 0.505859375 0.6044921875 0.505859375 0.6328125 0.5205078125 0.6328125
23 0.5439453125 0.6044921875 0.5302734375 0.6044921875 0.5302734375 0.6328125 0.5439453125 0.6328125
36 0.560546875 0.6044921875 0.546875 0.6044921875 0.546875 0.6318359375 0.560546875 0.6318359375
52 0.576171875 0.6044921875 0.5625 0.6044921875 0.5625 0.6328125 0.576171875 0.6328125
41 0.6005859375 0.60546875 0.5859375 0.60546875 0.5859375 0.6318359375 0.6005859375 0.6318359375
42 0.6171875 0.60546875 0.603515625 0.60546875 0.603515625 0.6318359375 0.6171875 0.6318359375
40 0.6328125 0.60546875 0.619140625 0.60546875 0.619140625 0.6318359375 0.6328125 0.6318359375
49 0.6494140625 0.60546875 0.6357421875 0.60546875 0.6357421875 0.6328125 0.6494140625 0.6328125
26 0.6650390625 0.60546875 0.6513671875 0.60546875 0.6513671875 0.6328125 0.6650390625 0.6328125
23 0.681640625 0.6064453125 0.6669921875 0.6064453125 0.6669921875 0.6328125 0.681640625 0.6328125
26 0.697265625 0.60546875 0.6826171875 0.60546875 0.6826171875 0.6318359375 0.697265625 0.6318359375
39 0.712890625 0.6064453125 0.7001953125 0.6064453125 0.7001953125 0.6337890625 0.712890625 0.6337890625
30 0.728515625 0.6064453125 0.7158203125 0.6064453125 0.7158203125 0.6337890625 0.728515625 0.6337890625
52 0.74609375 0.607421875 0.7314453125 0.607421875 0.7314453125 0.6357421875 0.74609375 0.6357421875
36 0.09472656250000008 0.638671875 0.07910156250000008 0.638671875 0.07910156250000008 0.66796875 0.09472656250000008 0.66796875
19 0.11035156250000008 0.638671875 0.09570312500000008 0.638671875 0.09570312500000008 0.6669921875 0.11035156250000008 0.6669921875
20 0.12792968750000006 0.638671875 0.11328125000000008 0.638671875 0.11328125000000008 0.66796875 0.12792968750000006 0.66796875
40 0.14550781250000006 0.638671875 0.12890625000000006 0.638671875 0.12890625000000006 0.66796875 0.14550781250000006 0.66796875
42 0.16308593750000006 0.638671875 0.14648437500000006 0.638671875 0.14648437500000006 0.6669921875 0.16308593750000006 0.6669921875
19 0.18066406250000006 0.638671875 0.16503906250000006 0.638671875 0.16503906250000006 0.666015625 0.18066406250000006 0.666015625
46 0.19628906250000006 0.638671875 0.18164062500000006 0.638671875 0.18164062500000006 0.66796875 0.19628906250000006 0.66796875
40 0.21386718750000006 0.6396484375 0.19824218750000006 0.6396484375 0.19824218750000006 0.6689453125 0.21386718750000006 0.6689453125
42 0.23046875000000006 0.6396484375 0.21582031250000006 0.6396484375 0.21582031250000006 0.6669921875 0.23046875000000006 0.6669921875
39 0.24707031250000006 0.6396484375 0.23242187500000006 0.6396484375 0.23242187500000006 0.6669921875 0.24707031250000006 0.6669921875
32 0.2636718750000001 0.640625 0.2500000000000001 0.640625 0.2500000000000001 0.66796875 0.2636718750000001 0.66796875
50 0.2812500000000001 0.640625 0.2675781250000001 0.640625 0.2675781250000001 0.6689453125 0.2812500000000001 0.6689453125
55 0.2978515625000001 0.6396484375 0.2832031250000001 0.6396484375 0.2832031250000001 0.66796875 0.2978515625000001 0.66796875
41 0.3232421875000001 0.640625 0.3095703125000001 0.640625 0.3095703125000001 0.66796875 0.3232421875000001 0.66796875
42 0.3408203125000001 0.640625 0.3261718750000001 0.640625 0.3261718750000001 0.66796875 0.3408203125000001 0.66796875
19 0.3564453125000001 0.640625 0.3417968750000001 0.640625 0.3417968750000001 0.6669921875 0.3564453125000001 0.6669921875
33 0.3750000000000001 0.6416015625 0.3583984375000001 0.6416015625 0.3583984375000001 0.6689453125 0.3750000000000001 0.6689453125
46 0.3916015625000001 0.6416015625 0.3769531250000001 0.6416015625 0.3769531250000001 0.6689453125 0.3916015625000001 0.6689453125
30 0.4072265625000001 0.640625 0.3935546875000001 0.640625 0.3935546875000001 0.66796875 0.4072265625000001 0.66796875
22 0.4248046875000001 0.640625 0.4101562500000001 0.640625 0.4101562500000001 0.6689453125 0.4248046875000001 0.6689453125
26 0.4414062500000001 0.640625 0.4267578125000001 0.640625 0.4267578125000001 0.66796875 0.4414062500000001 0.66796875
43 0.4580078125000001 0.6396484375 0.4443359375000001 0.6396484375 0.4443359375000001 0.6689453125 0.4580078125000001 0.6689453125
33 0.4746093750000001 0.640625 0.4599609375000001 0.640625 0.4599609375000001 0.6689453125 0.4746093750000001 0.6689453125
30 0.4912109375000001 0.640625 0.4765625000000001 0.640625 0.4765625000000001 0.66796875 0.4912109375000001 0.66796875
50 0.5078125 0.640625 0.4931640625000001 0.640625 0.4931640625000001 0.66796875 0.5078125 0.66796875
30 0.5322265625 0.6396484375 0.5166015625 0.6396484375 0.5166015625 0.6689453125 0.5322265625 0.6689453125
43 0.5556640625 0.6416015625 0.541015625 0.6416015625 0.541015625 0.6689453125 0.5556640625 0.6689453125
19 0.5703125 0.6416015625 0.5576171875 0.6416015625 0.5576171875 0.66796875 0.5703125 0.66796875
37 0.5888671875 0.6416015625 0.57421875 0.6416015625 0.57421875 0.6689453125 0.5888671875 0.6689453125
40 0.6044921875 0.6416015625 0.58984375 0.6416015625 0.58984375 0.66796875 0.6044921875 0.66796875
43 0.62109375 0.6416015625 0.607421875 0.6416015625 0.607421875 0.669921875 0.62109375 0.669921875
46 0.6357421875 0.6416015625 0.623046875 0.6416015625 0.623046875 0.6689453125 0.6357421875 0.6689453125
40 0.6533203125 0.6416015625 0.638671875 0.6416015625 0.638671875 0.6689453125 0.6533203125 0.6689453125
52 0.6689453125 0.642578125 0.6552734375 0.642578125 0.6552734375 0.6689453125 0.6689453125 0.6689453125
46 0.6865234375 0.642578125 0.671875 0.642578125 0.671875 0.669921875 0.6865234375 0.669921875
26 0.701171875 0.642578125 0.6875 0.642578125 0.6875 0.6689453125 0.701171875 0.6689453125
36 0.7177734375 0.642578125 0.703125 0.642578125 0.703125 0.6689453125 0.7177734375 0.6689453125
38 0.734375 0.642578125 0.7197265625 0.642578125 0.7197265625 0.669921875 0.734375 0.669921875
39 0.75 0.642578125 0.736328125 0.642578125 0.736328125 0.669921875 0.75 0.669921875
50 0.7822265625 0.6435546875 0.767578125 0.6435546875 0.767578125 0.669921875 0.7822265625 0.669921875
19 0.81640625 0.642578125 0.8037109375 0.642578125 0.8037109375 0.66796875 0.81640625 0.66796875