19 0.16210937500000006 0.4853515625 0.15429687500000006 0.4853515625 0.15429687500000006 0.50390625 0.16210937500000006 0.50390625
51 0.17187500000000006 0.4853515625 0.16406250000000006 0.4853515625 0.16406250000000006 0.5048828125 0.17187500000000006 0.5048828125
23 0.18261718750000006 0.4853515625 0.17382812500000006 0.4853515625 0.17382812500000006 0.5048828125 0.18261718750000006 0.5048828125
30 0.19238281250000006 0.486328125 0.18359375000000006 0.486328125 0.18359375000000006 0.5048828125 0.19238281250000006 0.5048828125
46 0.20214843750000006 0.4873046875 0.19433593750000006 0.4873046875 0.19433593750000006 0.505859375 0.20214843750000006 0.505859375
40 0.21191406250000006 0.4873046875 0.20312500000000006 0.4873046875 0.20312500000000006 0.5068359375 0.21191406250000006 0.5068359375
42 0.22265625000000006 0.4873046875 0.21386718750000006 0.4873046875 0.21386718750000006 0.5068359375 0.22265625000000006 0.5068359375
30 0.23242187500000006 0.4873046875 0.22363281250000006 0.4873046875 0.22363281250000006 0.5068359375 0.23242187500000006 0.5068359375
52 0.24316406250000006 0.4873046875 0.23437500000000006 0.4873046875 0.23437500000000006 0.5068359375 0.24316406250000006 0.5068359375
23 0.2578125000000001 0.48828125 0.24902343750000006 0.48828125 0.24902343750000006 0.5078125 0.2578125000000001 0.5078125
36 0.2685546875000001 0.48828125 0.2597656250000001 0.48828125 0.2597656250000001 0.5078125 0.2685546875000001 0.5078125
52 0.2792968750000001 0.48828125 0.2705078125000001 0.48828125 0.2705078125000001 0.5087890625 0.2792968750000001 0.5087890625
43 0.2949218750000001 0.4892578125 0.2861328125000001 0.4892578125 0.2861328125000001 0.5087890625 0.2949218750000001 0.5087890625
19 0.3056640625000001 0.490234375 0.2968750000000001 0.490234375 0.2968750000000001 0.5087890625 0.3056640625000001 0.5087890625
37 0.3173828125000001 0.490234375 0.3085937500000001 0.490234375 0.3085937500000001 0.509765625 0.3173828125000001 0.509765625
40 0.3281250000000001 0.490234375 0.3183593750000001 0.490234375 0.3183593750000001 0.509765625 0.3281250000000001 0.509765625
43 0.3398437500000001 0.490234375 0.3300781250000001 0.490234375 0.3300781250000001 0.5107421875 0.3398437500000001 0.5107421875
46 0.3505859375000001 0.490234375 0.3417968750000001 0.490234375 0.3417968750000001 0.5107421875 0.3505859375000001 0.5107421875
40 0.3623046875000001 0.4912109375 0.3525390625000001 0.4912109375 0.3525390625000001 0.5107421875 0.3623046875000001 0.5107421875
52 0.3740234375000001 0.4912109375 0.3642578125000001 0.4912109375 0.3642578125000001 0.51171875 0.3740234375000001 0.51171875
46 0.3857421875000001 0.4921875 0.3759765625000001 0.4921875 0.3759765625000001 0.51171875 0.3857421875000001 0.51171875
26 0.3984375000000001 0.4921875 0.3886718750000001 0.4921875 0.3886718750000001 0.5126953125 0.3984375000000001 0.5126953125
36 0.4101562500000001 0.4921875 0.3994140625000001 0.4921875 0.3994140625000001 0.5126953125 0.4101562500000001 0.5126953125
38 0.4208984375000001 0.4931640625 0.4121093750000001 0.4931640625 0.4121093750000001 0.513671875 0.4208984375000001 0.513671875
39 0.4335937500000001 0.4931640625 0.4238281250000001 0.4931640625 0.4238281250000001 0.513671875 0.4335937500000001 0.513671875
40 0.4462890625000001 0.4931640625 0.4355468750000001 0.4931640625 0.4355468750000001 0.5146484375 0.4462890625000001 0.5146484375
31 0.4580078125000001 0.49414062500000006 0.4482421875000001 0.494140625 0.4482421875000001 0.5146484375 0.4580078125000001 0.5146484375
42 0.4765625000000001 0.4941406250000001 0.4658203125000001 0.4941406250000001 0.4658203125000001 0.515625 0.4765625000000001 0.515625
19 0.4892578125000001 0.4951171875000001 0.4794921875000001 0.4951171875000001 0.4794921875000001 0.515625 0.4892578125000001 0.515625
20 0.501953125 0.4951171875000001 0.4912109375000001 0.4951171875000001 0.4912109375000001 0.5166015625 0.501953125 0.5166015625
40 0.5146484375 0.4951171875000001 0.50390625 0.4951171875000001 0.50390625 0.5166015625 0.5146484375 0.5166015625
46 0.5283203125 0.4960937500000001 0.517578125 0.4960937500000001 0.517578125 0.5166015625 0.5283203125 0.5166015625
32 0.541015625 0.4970703125000001 0.5302734375 0.4970703125000001 0.5302734375 0.517578125 0.541015625 0.517578125