51 0.515625 0.4277343750000001 0.5078125 0.4277343750000001 0.5078125 0.4443359375000001 0.515625 0.4443359375000001
22 0.525390625 0.4267578125000001 0.517578125 0.4267578125000001 0.517578125 0.4443359375000001 0.525390625 0.4443359375000001
26 0.5341796875 0.4277343750000001 0.5263671875 0.4277343750000001 0.5263671875 0.4443359375000001 0.5341796875 0.4443359375000001
20 0.5439453125 0.4277343750000001 0.53515625 0.4277343750000001 0.53515625 0.4443359375000001 0.5439453125 0.4443359375000001
39 0.552734375 0.4277343750000001 0.544921875 0.4277343750000001 0.544921875 0.4443359375000001 0.552734375 0.4443359375000001
19 0.560546875 0.4277343750000001 0.5537109375 0.4277343750000001 0.5537109375 0.4433593750000001 0.560546875 0.4433593750000001
52 0.5703125 0.4277343750000001 0.5625 0.4277343750000001 0.5625 0.4453125000000001 0.5703125 0.4453125000000001
19 0.5830078125 0.4277343750000001 0.5751953125 0.4277343750000001 0.5751953125 0.4443359375000001 0.5830078125 0.4443359375000001
51 0.591796875 0.4287109375000001 0.583984375 0.4287109375000001 0.583984375 0.4443359375000001 0.591796875 0.4443359375000001
23 0.6005859375 0.4277343750000001 0.5927734375 0.4277343750000001 0.5927734375 0.4443359375000001 0.6005859375 0.4443359375000001
30 0.609375 0.4277343750000001 0.6015625 0.4277343750000001 0.6015625 0.4443359375000001 0.609375 0.4443359375000001
46 0.6171875 0.4277343750000001 0.6103515625 0.4277343750000001 0.6103515625 0.4443359375000001 0.6171875 0.4443359375000001
40 0.6259765625 0.4287109375000001 0.6171875 0.4287109375000001 0.6171875 0.4453125000000001 0.6259765625 0.4453125000000001
42 0.6337890625 0.4287109375000001 0.626953125 0.4287109375000001 0.626953125 0.4443359375000001 0.6337890625 0.4443359375000001
30 0.6416015625 0.4287109375000001 0.634765625 0.4287109375000001 0.634765625 0.4443359375000001 0.6416015625 0.4443359375000001
52 0.650390625 0.4287109375000001 0.642578125 0.4287109375000001 0.642578125 0.4443359375000001 0.650390625 0.4443359375000001
23 0.662109375 0.4287109375000001 0.6552734375 0.4287109375000001 0.6552734375 0.4443359375000001 0.662109375 0.4443359375000001
36 0.6708984375 0.4287109375000001 0.6630859375 0.4287109375000001 0.6630859375 0.4453125000000001 0.6708984375 0.4453125000000001
52 0.677734375 0.4287109375000001 0.6708984375 0.4287109375000001 0.6708984375 0.4453125000000001 0.677734375 0.4453125000000001
41 0.6884765625 0.4296875000000001 0.681640625 0.4296875000000001 0.681640625 0.4443359375000001 0.6884765625 0.4443359375000001
42 0.697265625 0.4296875000000001 0.6904296875 0.4296875000000001 0.6904296875 0.4443359375000001 0.697265625 0.4443359375000001
40 0.7041015625 0.4296875000000001 0.697265625 0.4296875000000001 0.697265625 0.4443359375000001 0.7041015625 0.4443359375000001
49 0.7109375 0.4296875000000001 0.705078125 0.4296875000000001 0.705078125 0.4453125000000001 0.7109375 0.4453125000000001
26 0.7197265625 0.4306640625000001 0.712890625 0.4306640625000001 0.712890625 0.4453125000000001 0.7197265625 0.4453125000000001
23 0.7265625 0.4296875000000001 0.720703125 0.4296875000000001 0.720703125 0.4443359375000001 0.7265625 0.4443359375000001
26 0.7333984375 0.4306640625000001 0.7265625 0.4306640625000001 0.7265625 0.4453125000000001 0.7333984375 0.4453125000000001
39 0.7412109375 0.4296875000000001 0.734375 0.4296875000000001 0.734375 0.4453125000000001 0.7412109375 0.4453125000000001
30 0.748046875 0.4306640625000001 0.7412109375 0.4306640625000001 0.7412109375 0.4443359375000001 0.748046875 0.4443359375000001
52 0.7548828125 0.4306640625000001 0.7490234375 0.4306640625000001 0.7490234375 0.4462890625000001 0.7548828125 0.4462890625000001
36 0.5322265625 0.4501953125000001 0.5244140625 0.4501953125000001 0.5244140625 0.4667968750000001 0.5322265625 0.4667968750000001
19 0.541015625 0.4501953125000001 0.533203125 0.4501953125000001 0.533203125 0.4658203125000001 0.541015625 0.4658203125000001
20 0.5498046875 0.4501953125000001 0.5419921875 0.4501953125000001 0.5419921875 0.4667968750000001 0.5498046875 0.4667968750000001
40 0.5595703125 0.4501953125000001 0.5517578125 0.4501953125000001 0.5517578125 0.4667968750000001 0.5595703125 0.4667968750000001
42 0.568359375 0.4501953125000001 0.5595703125 0.4501953125000001 0.5595703125 0.4667968750000001 0.568359375 0.4667968750000001
19 0.5771484375 0.4501953125000001 0.5693359375 0.4501953125000001 0.5693359375 0.4658203125000001 0.5771484375 0.4658203125000001
46 0.5849609375 0.4501953125000001 0.578125 0.4501953125000001 0.578125 0.4658203125000001 0.5849609375 0.4658203125000001
40 0.59375 0.4501953125000001 0.5859375 0.4501953125000001 0.5859375 0.4667968750000001 0.59375 0.4667968750000001
42 0.6025390625 0.4501953125000001 0.5947265625 0.4501953125000001 0.5947265625 0.4658203125000001 0.6025390625 0.4658203125000001
39 0.6103515625 0.4501953125000001 0.603515625 0.4501953125000001 0.603515625 0.4658203125000001 0.6103515625 0.4658203125000001
32 0.619140625 0.4501953125000001 0.6123046875 0.4501953125000001 0.6123046875 0.4658203125000001 0.619140625 0.4658203125000001
50 0.626953125 0.4492187500000001 0.6201171875 0.4492187500000001 0.6201171875 0.4658203125000001 0.626953125 0.4658203125000001
55 0.6357421875 0.4511718750000001 0.6279296875 0.4511718750000001 0.6279296875 0.4658203125000001 0.6357421875 0.4658203125000001
41 0.6474609375 0.4501953125000001 0.640625 0.4501953125000001 0.640625 0.4648437500000001 0.6474609375 0.4648437500000001
42 0.65625 0.4501953125000001 0.6484375 0.4501953125000001 0.6484375 0.4658203125000001 0.65625 0.4658203125000001
19 0.6640625 0.4501953125000001 0.6572265625 0.4501953125000001 0.6572265625 0.4648437500000001 0.6640625 0.4648437500000001
33 0.671875 0.4501953125000001 0.6650390625 0.4501953125000001 0.6650390625 0.4658203125000001 0.671875 0.4658203125000001
46 0.6796875 0.4501953125000001 0.6728515625 0.4501953125000001 0.6728515625 0.4658203125000001 0.6796875 0.4658203125000001
30 0.6865234375 0.4501953125000001 0.6806640625 0.4501953125000001 0.6806640625 0.4648437500000001 0.6865234375 0.4648437500000001
22 0.6943359375 0.4501953125000001 0.6884765625 0.4501953125000001 0.6884765625 0.4658203125000001 0.6943359375 0.4658203125000001
26 0.7021484375 0.4501953125000001 0.6953125 0.4501953125000001 0.6953125 0.4648437500000001 0.7021484375 0.4648437500000001
43 0.7099609375 0.4501953125000001 0.703125 0.4501953125000001 0.703125 0.4648437500000001 0.7099609375 0.4648437500000001
33 0.7177734375 0.4501953125000001 0.7109375 0.4501953125000001 0.7109375 0.4648437500000001 0.7177734375 0.4648437500000001
30 0.724609375 0.4501953125000001 0.71875 0.4501953125000001 0.71875 0.4648437500000001 0.724609375 0.4648437500000001
50 0.732421875 0.4511718750000001 0.7255859375 0.4511718750000001 0.7255859375 0.4658203125000001 0.732421875 0.4658203125000001
30 0.7431640625 0.4501953125000001 0.736328125 0.4501953125000001 0.736328125 0.4658203125000001 0.7431640625 0.4658203125000001
36 0.57421875 0.4726562500000001 0.56640625 0.4726562500000001 0.56640625 0.4882812500000001 0.57421875 0.4882812500000001
26 0.5830078125 0.4716796875000001 0.5751953125 0.4716796875000001 0.5751953125 0.4882812500000001 0.5830078125 0.4882812500000001
33 0.591796875 0.4716796875000001 0.583984375 0.4716796875000001 0.583984375 0.4882812500000001 0.591796875 0.4882812500000001
21 0.599609375 0.4726562500000001 0.5927734375 0.4726562500000001 0.5927734375 0.4882812500000001 0.599609375 0.4882812500000001
30 0.6083984375 0.4716796875000001 0.6005859375 0.4716796875000001 0.6005859375 0.4873046875000001 0.6083984375 0.4873046875000001
40 0.6171875 0.4716796875000001 0.609375 0.4716796875000001 0.609375 0.4873046875000001 0.6171875 0.4873046875000001
39 0.625 0.4716796875000001 0.6181640625 0.4716796875000001 0.6181640625 0.4882812500000001 0.625 0.4882812500000001
39 0.6337890625 0.4716796875000001 0.626953125 0.4716796875000001 0.626953125 0.4873046875000001 0.6337890625 0.4873046875000001
32 0.6416015625 0.4716796875000001 0.634765625 0.4716796875000001 0.634765625 0.4873046875000001 0.6416015625 0.4873046875000001
50 0.6494140625 0.4716796875000001 0.642578125 0.4716796875000001 0.642578125 0.4863281250000001 0.6494140625 0.4863281250000001
54 0.6611328125 0.4716796875000001 0.654296875 0.4716796875000001 0.654296875 0.4873046875000001 0.6611328125 0.4873046875000001
19 0.6689453125 0.4716796875000001 0.662109375 0.4716796875000001 0.662109375 0.4863281250000001 0.6689453125 0.4863281250000001
39 0.6767578125 0.4707031250000001 0.669921875 0.4707031250000001 0.669921875 0.4863281250000001 0.6767578125 0.4863281250000001
52 0.685546875 0.4707031250000001 0.6787109375 0.4707031250000001 0.6787109375 0.4863281250000001 0.685546875 0.4863281250000001
46 0.693359375 0.4707031250000001 0.6865234375 0.4707031250000001 0.6865234375 0.4863281250000001 0.693359375 0.4863281250000001
30 0.7001953125 0.4707031250000001 0.693359375 0.4707031250000001 0.693359375 0.4853515625000001 0.7001953125 0.4853515625000001
31 0.7080078125 0.4707031250000001 0.701171875 0.4707031250000001 0.701171875 0.4863281250000001 0.7080078125 0.4863281250000001