33 0.4042968750000001 0.681640625 0.3974609375000001 0.681640625 0.3974609375000001 0.6953125 0.4042968750000001 0.6953125
19 0.4140625000000001 0.681640625 0.4072265625000001 0.681640625 0.4072265625000001 0.6943359375 0.4140625000000001 0.6943359375
27 0.4228515625000001 0.6806640625 0.4150390625000001 0.6806640625 0.4150390625000001 0.6943359375 0.4228515625000001 0.6943359375
26 0.4306640625000001 0.6806640625 0.4238281250000001 0.6806640625 0.4238281250000001 0.6943359375 0.4306640625000001 0.6943359375
23 0.4394531250000001 0.6806640625 0.4326171875000001 0.6806640625 0.4326171875000001 0.693359375 0.4394531250000001 0.693359375
42 0.4482421875000001 0.681640625 0.4414062500000001 0.681640625 0.4414062500000001 0.6943359375 0.4482421875000001 0.6943359375
19 0.4570312500000001 0.6806640625 0.4501953125000001 0.6806640625 0.4501953125000001 0.693359375 0.4570312500000001 0.693359375
46 0.4697265625000001 0.6806640625 0.4619140625000001 0.6806640625 0.4619140625000001 0.693359375 0.4697265625000001 0.693359375
26 0.4785156250000001 0.6806640625 0.4716796875000001 0.6806640625 0.4716796875000001 0.6943359375 0.4785156250000001 0.6943359375
40 0.4863281250000001 0.6806640625 0.4794921875000001 0.6806640625 0.4794921875000001 0.693359375 0.4863281250000001 0.693359375
42 0.4951171875000001 0.6796875 0.4882812500000001 0.6796875 0.4882812500000001 0.693359375 0.4951171875000001 0.693359375
30 0.5029296875 0.6796875 0.4960937500000001 0.6796875 0.4960937500000001 0.693359375 0.5029296875 0.693359375
30 0.51171875 0.6796875 0.5048828125 0.6796875 0.5048828125 0.6923828125 0.51171875 0.6923828125
51 0.5224609375 0.6796875 0.5166015625 0.6796875 0.5166015625 0.693359375 0.5224609375 0.693359375
41 0.53125 0.6796875 0.5244140625 0.6796875 0.5244140625 0.693359375 0.53125 0.693359375
42 0.5400390625 0.6796875 0.533203125 0.6796875 0.533203125 0.693359375 0.5400390625 0.693359375
51 0.5478515625 0.6796875 0.541015625 0.6796875 0.541015625 0.6923828125 0.5478515625 0.6923828125
28 0.556640625 0.6796875 0.548828125 0.6796875 0.548828125 0.693359375 0.556640625 0.693359375
40 0.5634765625 0.6796875 0.556640625 0.6796875 0.556640625 0.6923828125 0.5634765625 0.6923828125
43 0.572265625 0.6787109375 0.5654296875 0.6787109375 0.5654296875 0.6923828125 0.572265625 0.6923828125
46 0.580078125 0.6796875 0.5732421875 0.6796875 0.5732421875 0.6923828125 0.580078125 0.6923828125
30 0.587890625 0.6796875 0.5810546875 0.6796875 0.5810546875 0.6923828125 0.587890625 0.6923828125