42 0.20605468750000006 0.5947265625 0.19433593750000006 0.5947265625 0.19433593750000006 0.6162109375 0.20605468750000006 0.6162109375
40 0.22070312500000006 0.5947265625 0.20996093750000006 0.5947265625 0.20996093750000006 0.6162109375 0.22070312500000006 0.6162109375
43 0.23535156250000006 0.59375 0.22460937500000006 0.59375 0.22460937500000006 0.6142578125 0.23535156250000006 0.6142578125
43 0.24902343750000006 0.5927734375 0.23828125000000006 0.5927734375 0.23828125000000006 0.6142578125 0.24902343750000006 0.6142578125
30 0.2636718750000001 0.5927734375 0.2529296875000001 0.5927734375 0.2529296875000001 0.6142578125 0.2636718750000001 0.6142578125
31 0.2763671875000001 0.5927734375 0.2666015625000001 0.5927734375 0.2666015625000001 0.61328125 0.2763671875000001 0.61328125
43 0.2910156250000001 0.591796875 0.2802734375000001 0.591796875 0.2802734375000001 0.61328125 0.2910156250000001 0.61328125
33 0.3037109375000001 0.591796875 0.2939453125000001 0.591796875 0.2939453125000001 0.61328125 0.3037109375000001 0.61328125
19 0.3173828125000001 0.591796875 0.3076171875000001 0.591796875 0.3076171875000001 0.6123046875 0.3173828125000001 0.6123046875
52 0.3300781250000001 0.5908203125 0.3203125000000001 0.5908203125 0.3203125000000001 0.6103515625 0.3300781250000001 0.6103515625
27 0.3554687500000001 0.58984375 0.3466796875000001 0.58984375 0.3466796875000001 0.6103515625 0.3554687500000001 0.6103515625
26 0.3671875000000001 0.58984375 0.3593750000000001 0.58984375 0.3593750000000001 0.609375 0.3671875000000001 0.609375
23 0.3808593750000001 0.5888671875 0.3710937500000001 0.5888671875 0.3710937500000001 0.609375 0.3808593750000001 0.609375
26 0.3925781250000001 0.5888671875 0.3837890625000001 0.5888671875 0.3837890625000001 0.6083984375 0.3925781250000001 0.6083984375
42 0.4042968750000001 0.5888671875 0.3955078125000001 0.5888671875 0.3955078125000001 0.6083984375 0.4042968750000001 0.6083984375
19 0.4160156250000001 0.5888671875 0.4072265625000001 0.5888671875 0.4072265625000001 0.607421875 0.4160156250000001 0.607421875
21 0.4287109375000001 0.587890625 0.4199218750000001 0.587890625 0.4199218750000001 0.6064453125 0.4287109375000001 0.6064453125
30 0.4394531250000001 0.587890625 0.4306640625000001 0.587890625 0.4306640625000001 0.6064453125 0.4394531250000001 0.6064453125
52 0.4511718750000001 0.5869140625 0.4423828125000001 0.5869140625 0.4423828125000001 0.6064453125 0.4511718750000001 0.6064453125
37 0.4736328125000001 0.5869140625 0.4648437500000001 0.5869140625 0.4648437500000001 0.60546875 0.4736328125000001 0.60546875
30 0.4833984375000001 0.5859375 0.4755859375000001 0.5859375 0.4755859375000001 0.60546875 0.4833984375000001 0.60546875
39 0.4951171875000001 0.5869140625 0.4863281250000001 0.5869140625 0.4863281250000001 0.60546875 0.4951171875000001 0.60546875
30 0.505859375 0.5859375 0.4970703125000001 0.5859375 0.4970703125000001 0.6044921875 0.505859375 0.6044921875
43 0.5166015625 0.5859375 0.5078125 0.5859375 0.5078125 0.6044921875 0.5166015625 0.6044921875
46 0.5263671875 0.5859375 0.5185546875 0.5859375 0.5185546875 0.6044921875 0.5263671875 0.6044921875
26 0.5361328125 0.5849609375 0.529296875 0.5849609375 0.529296875 0.603515625 0.5361328125 0.603515625
42 0.546875 0.5849609375 0.5390625 0.5849609375 0.5390625 0.603515625 0.546875 0.603515625
43 0.5576171875 0.5849609375 0.5498046875 0.5849609375 0.5498046875 0.6025390625 0.5576171875 0.6025390625
46 0.5673828125 0.5849609375 0.5595703125 0.5849609375 0.5595703125 0.6025390625 0.5673828125 0.6025390625
49 0.5771484375 0.583984375 0.5693359375 0.583984375 0.5693359375 0.6025390625 0.5771484375 0.6025390625
40 0.5869140625 0.583984375 0.5791015625 0.583984375 0.5791015625 0.6025390625 0.5869140625 0.6025390625
33 0.607421875 0.583984375 0.599609375 0.583984375 0.599609375 0.6015625 0.607421875 0.6015625
51 0.6162109375 0.583984375 0.6083984375 0.583984375 0.6083984375 0.6015625 0.6162109375 0.6015625
36 0.625 0.583984375 0.6181640625 0.583984375 0.6181640625 0.6015625 0.625 0.6015625
38 0.634765625 0.5830078125 0.626953125 0.5830078125 0.626953125 0.6005859375 0.634765625 0.6005859375
46 0.64453125 0.5830078125 0.6376953125 0.5830078125 0.6376953125 0.6005859375 0.64453125 0.6005859375
51 0.6533203125 0.5830078125 0.646484375 0.5830078125 0.646484375 0.6005859375 0.6533203125 0.6005859375
42 0.6630859375 0.5830078125 0.6552734375 0.5830078125 0.6552734375 0.6005859375 0.6630859375 0.6005859375
32 0.6708984375 0.58203125 0.6640625 0.58203125 0.6640625 0.599609375 0.6708984375 0.599609375
27 0.689453125 0.58203125 0.6826171875 0.58203125 0.6826171875 0.5986328125 0.689453125 0.5986328125
26 0.697265625 0.58203125 0.69140625 0.58203125 0.69140625 0.5986328125 0.697265625 0.5986328125
23 0.70703125 0.58203125 0.7001953125 0.58203125 0.7001953125 0.5986328125 0.70703125 0.5986328125
26 0.71484375 0.58203125 0.708984375 0.58203125 0.708984375 0.5986328125 0.71484375 0.5986328125
42 0.7236328125 0.58203125 0.716796875 0.58203125 0.716796875 0.5986328125 0.7236328125 0.5986328125
19 0.732421875 0.58203125 0.7255859375 0.58203125 0.7255859375 0.59765625 0.732421875 0.59765625
36 0.7412109375 0.5810546875 0.734375 0.5810546875 0.734375 0.59765625 0.7412109375 0.59765625
38 0.748046875 0.5810546875 0.7421875 0.5810546875 0.7421875 0.59765625 0.748046875 0.59765625
39 0.7568359375 0.5810546875 0.7509765625 0.5810546875 0.7509765625 0.59765625 0.7568359375 0.59765625
40 0.7646484375 0.5810546875 0.7587890625 0.5810546875 0.7587890625 0.5966796875 0.7646484375 0.5966796875
26 0.7734375 0.5810546875 0.7666015625 0.5810546875 0.7666015625 0.59765625 0.7734375 0.59765625
28 0.20507812500000006 0.6240234375 0.19433593750000006 0.6240234375 0.19433593750000006 0.646484375 0.20507812500000006 0.646484375
40 0.21972656250000006 0.6240234375 0.20898437500000006 0.6240234375 0.20898437500000006 0.6455078125 0.21972656250000006 0.6455078125
43 0.23437500000000006 0.623046875 0.22363281250000006 0.623046875 0.22363281250000006 0.64453125 0.23437500000000006 0.64453125
51 0.24804687500000006 0.6220703125 0.23828125000000006 0.6220703125 0.23828125000000006 0.6435546875 0.24804687500000006 0.6435546875
23 0.2626953125000001 0.62109375 0.2519531250000001 0.62109375 0.2519531250000001 0.642578125 0.2626953125000001 0.642578125
19 0.2763671875000001 0.62109375 0.2656250000000001 0.62109375 0.2656250000000001 0.6416015625 0.2763671875000001 0.6416015625
42 0.2900390625000001 0.6201171875 0.2792968750000001 0.6201171875 0.2792968750000001 0.6416015625 0.2900390625000001 0.6416015625
43 0.3037109375000001 0.6201171875 0.2929687500000001 0.6201171875 0.2929687500000001 0.640625 0.3037109375000001 0.640625
46 0.3164062500000001 0.619140625 0.3066406250000001 0.619140625 0.3066406250000001 0.6396484375 0.3164062500000001 0.6396484375
49 0.3300781250000001 0.6181640625 0.3193359375000001 0.6181640625 0.3193359375000001 0.638671875 0.3300781250000001 0.638671875
26 0.3417968750000001 0.6181640625 0.3330078125000001 0.6181640625 0.3330078125000001 0.6376953125 0.3417968750000001 0.6376953125
39 0.3544921875000001 0.6181640625 0.3457031250000001 0.6181640625 0.3457031250000001 0.638671875 0.3544921875000001 0.638671875
39 0.3671875000000001 0.6171875 0.3583984375000001 0.6171875 0.3583984375000001 0.63671875 0.3671875000000001 0.63671875
40 0.3798828125000001 0.6162109375 0.3701171875000001 0.6162109375 0.3701171875000001 0.63671875 0.3798828125000001 0.63671875
26 0.3916015625000001 0.6162109375 0.3828125000000001 0.6162109375 0.3828125000000001 0.634765625 0.3916015625000001 0.634765625
20 0.4160156250000001 0.615234375 0.4072265625000001 0.615234375 0.4072265625000001 0.634765625 0.4160156250000001 0.634765625
48 0.4277343750000001 0.6142578125 0.4189453125000001 0.6142578125 0.4189453125000001 0.6337890625 0.4277343750000001 0.6337890625
23 0.4394531250000001 0.6142578125 0.4306640625000001 0.6142578125 0.4306640625000001 0.6328125 0.4394531250000001 0.6328125
29 0.4501953125000001 0.61328125 0.4414062500000001 0.61328125 0.4414062500000001 0.6318359375 0.4501953125000001 0.6318359375
26 0.4609375000000001 0.61328125 0.4531250000000001 0.61328125 0.4531250000000001 0.6318359375 0.4609375000000001 0.6318359375
46 0.4726562500000001 0.6123046875 0.4638671875000001 0.6123046875 0.4638671875000001 0.6318359375 0.4726562500000001 0.6318359375
39 0.4833984375000001 0.6123046875 0.4755859375000001 0.6123046875 0.4755859375000001 0.630859375 0.4833984375000001 0.630859375
40 0.4941406250000001 0.611328125 0.4863281250000001 0.611328125 0.4863281250000001 0.630859375 0.4941406250000001 0.630859375
26 0.5048828125 0.611328125 0.4970703125000001 0.611328125 0.4970703125000001 0.62890625 0.5048828125 0.62890625
40 0.5263671875 0.6103515625 0.5185546875 0.6103515625 0.5185546875 0.62890625 0.5263671875 0.62890625
20 0.5361328125 0.6103515625 0.5283203125 0.6103515625 0.5283203125 0.6279296875 0.5361328125 0.6279296875
42 0.546875 0.6103515625 0.5390625 0.6103515625 0.5390625 0.6279296875 0.546875 0.6279296875
19 0.556640625 0.609375 0.548828125 0.609375 0.548828125 0.626953125 0.556640625 0.626953125
54 0.56640625 0.609375 0.5595703125 0.609375 0.5595703125 0.626953125 0.56640625 0.626953125
40 0.576171875 0.609375 0.5693359375 0.609375 0.5693359375 0.626953125 0.576171875 0.626953125
49 0.5859375 0.6083984375 0.5791015625 0.6083984375 0.5791015625 0.626953125 0.5859375 0.626953125
19 0.5966796875 0.6083984375 0.5888671875 0.6083984375 0.5888671875 0.625 0.5966796875 0.625
46 0.60546875 0.6083984375 0.5986328125 0.6083984375 0.5986328125 0.6259765625 0.60546875 0.6259765625
26 0.615234375 0.6083984375 0.6083984375 0.6083984375 0.6083984375 0.625 0.615234375 0.625
36 0.625 0.607421875 0.6171875 0.607421875 0.6171875 0.625 0.625 0.625
38 0.6337890625 0.607421875 0.626953125 0.607421875 0.626953125 0.625 0.6337890625 0.625
39 0.6435546875 0.6064453125 0.63671875 0.6064453125 0.63671875 0.6240234375 0.6435546875 0.6240234375
40 0.65234375 0.6064453125 0.6455078125 0.6064453125 0.6455078125 0.6240234375 0.65234375 0.6240234375
26 0.662109375 0.6064453125 0.6552734375 0.6064453125 0.6552734375 0.623046875 0.662109375 0.623046875
51 0.6787109375 0.60546875 0.6728515625 0.60546875 0.6728515625 0.623046875 0.6787109375 0.623046875
22 0.6884765625 0.60546875 0.681640625 0.60546875 0.681640625 0.623046875 0.6884765625 0.623046875
42 0.697265625 0.6044921875 0.6904296875 0.6044921875 0.6904296875 0.6220703125 0.697265625 0.6220703125
26 0.7060546875 0.60546875 0.69921875 0.60546875 0.69921875 0.62109375 0.7060546875 0.62109375
29 0.7138671875 0.6044921875 0.7080078125 0.6044921875 0.7080078125 0.6201171875 0.7138671875 0.6201171875
23 0.72265625 0.6044921875 0.716796875 0.6044921875 0.716796875 0.6201171875 0.72265625 0.6201171875
26 0.7314453125 0.6044921875 0.724609375 0.6044921875 0.724609375 0.6201171875 0.7314453125 0.6201171875
39 0.7392578125 0.603515625 0.7333984375 0.603515625 0.7333984375 0.6201171875 0.7392578125 0.6201171875
30 0.748046875 0.603515625 0.7421875 0.603515625 0.7421875 0.619140625 0.748046875 0.619140625
26 0.755859375 0.603515625 0.75 0.603515625 0.75 0.6181640625 0.755859375 0.6181640625
49 0.20507812500000006 0.6533203125 0.19335937500000006 0.6533203125 0.19335937500000006 0.67578125 0.20507812500000006 0.67578125
32 0.21972656250000006 0.65234375 0.20898437500000006 0.65234375 0.20898437500000006 0.6748046875 0.21972656250000006 0.6748046875
43 0.23437500000000006 0.6513671875 0.22363281250000006 0.6513671875 0.22363281250000006 0.673828125 0.23437500000000006 0.673828125
44 0.24804687500000006 0.6513671875 0.23730468750000006 0.6513671875 0.23730468750000006 0.6728515625 0.24804687500000006 0.6728515625
26 0.2617187500000001 0.650390625 0.2509765625000001 0.650390625 0.2509765625000001 0.671875 0.2617187500000001 0.671875
28 0.2753906250000001 0.6494140625 0.2656250000000001 0.6494140625 0.2656250000000001 0.671875 0.2753906250000001 0.671875
40 0.2890625000000001 0.6494140625 0.2792968750000001 0.6494140625 0.2792968750000001 0.669921875 0.2890625000000001 0.669921875
40 0.3164062500000001 0.6474609375 0.3066406250000001 0.6474609375 0.3066406250000001 0.66796875 0.3164062500000001 0.66796875
20 0.3281250000000001 0.6474609375 0.3193359375000001 0.6474609375 0.3193359375000001 0.6669921875 0.3281250000000001 0.6669921875
42 0.3417968750000001 0.6455078125 0.3320312500000001 0.6455078125 0.3320312500000001 0.6669921875 0.3417968750000001 0.6669921875
19 0.3554687500000001 0.6455078125 0.3457031250000001 0.6455078125 0.3457031250000001 0.6650390625 0.3554687500000001 0.6650390625
54 0.3662109375000001 0.64453125 0.3574218750000001 0.64453125 0.3574218750000001 0.6640625 0.3662109375000001 0.6640625
40 0.3789062500000001 0.6435546875 0.3701171875000001 0.6435546875 0.3701171875000001 0.6640625 0.3789062500000001 0.6640625
49 0.3916015625000001 0.6435546875 0.3818359375000001 0.6435546875 0.3818359375000001 0.6630859375 0.3916015625000001 0.6630859375
19 0.4033203125000001 0.642578125 0.3945312500000001 0.642578125 0.3945312500000001 0.6611328125 0.4033203125000001 0.6611328125
39 0.4150390625000001 0.6416015625 0.4062500000000001 0.6416015625 0.4062500000000001 0.6611328125 0.4150390625000001 0.6611328125
30 0.4267578125000001 0.640625 0.4179687500000001 0.640625 0.4179687500000001 0.66015625 0.4267578125000001 0.66015625
52 0.4384765625000001 0.6396484375 0.4296875000000001 0.6396484375 0.4296875000000001 0.6591796875 0.4384765625000001 0.6591796875
42 0.4609375000000001 0.638671875 0.4521484375000001 0.638671875 0.4521484375000001 0.658203125 0.4609375000000001 0.658203125
40 0.4716796875000001 0.638671875 0.4638671875000001 0.638671875 0.4638671875000001 0.6572265625 0.4716796875000001 0.6572265625
43 0.4833984375000001 0.6376953125 0.4746093750000001 0.6376953125 0.4746093750000001 0.65625 0.4833984375000001 0.65625
46 0.4931640625000001 0.63671875 0.4853515625000001 0.63671875 0.4853515625000001 0.65625 0.4931640625000001 0.65625
40 0.50390625 0.63671875 0.4960937500000001 0.63671875 0.4960937500000001 0.6552734375 0.50390625 0.6552734375
49 0.515625 0.6357421875 0.5068359375 0.6357421875 0.5068359375 0.6552734375 0.515625 0.6552734375
43 0.525390625 0.6357421875 0.517578125 0.6357421875 0.517578125 0.654296875 0.525390625 0.654296875
33 0.5361328125 0.6357421875 0.52734375 0.6357421875 0.52734375 0.654296875 0.5361328125 0.654296875
19 0.546875 0.6357421875 0.5380859375 0.6357421875 0.5380859375 0.654296875 0.546875 0.654296875
52 0.556640625 0.634765625 0.548828125 0.634765625 0.548828125 0.65234375 0.556640625 0.65234375
28 0.576171875 0.6328125 0.568359375 0.6328125 0.568359375 0.650390625 0.576171875 0.650390625
40 0.5859375 0.6337890625 0.578125 0.6337890625 0.578125 0.6513671875 0.5859375 0.6513671875
43 0.595703125 0.6328125 0.587890625 0.6328125 0.587890625 0.650390625 0.595703125 0.650390625
51 0.60546875 0.6318359375 0.59765625 0.6318359375 0.59765625 0.650390625 0.60546875 0.650390625
23 0.6142578125 0.6318359375 0.607421875 0.6318359375 0.607421875 0.6484375 0.6142578125 0.6484375
19 0.625 0.630859375 0.6171875 0.630859375 0.6171875 0.6484375 0.625 0.6484375
42 0.6337890625 0.630859375 0.6259765625 0.630859375 0.6259765625 0.6484375 0.6337890625 0.6484375
43 0.6435546875 0.6298828125 0.6357421875 0.6298828125 0.6357421875 0.6474609375 0.6435546875 0.6474609375
46 0.65234375 0.6298828125 0.6455078125 0.6298828125 0.6455078125 0.6474609375 0.65234375 0.6474609375
49 0.6611328125 0.62890625 0.654296875 0.62890625 0.654296875 0.646484375 0.6611328125 0.646484375
26 0.669921875 0.62890625 0.6630859375 0.62890625 0.6630859375 0.6455078125 0.669921875 0.6455078125
39 0.6796875 0.62890625 0.6728515625 0.62890625 0.6728515625 0.646484375 0.6796875 0.646484375
39 0.6875 0.6279296875 0.6806640625 0.6279296875 0.6806640625 0.6455078125 0.6875 0.6455078125
19 0.697265625 0.6279296875 0.6904296875 0.6279296875 0.6904296875 0.64453125 0.697265625 0.64453125
52 0.7060546875 0.6279296875 0.69921875 0.6279296875 0.69921875 0.64453125 0.7060546875 0.64453125
33 0.2041015625000001 0.6845703125 0.1933593750000001 0.6845703125 0.1933593750000001 0.7060546875 0.2041015625000001 0.7060546875
40 0.2187500000000001 0.6826171875 0.2080078125000001 0.6826171875 0.2080078125000001 0.7041015625 0.2187500000000001 0.7041015625
39 0.2333984375000001 0.681640625 0.2226562500000001 0.681640625 0.2226562500000001 0.703125 0.2333984375000001 0.703125
43 0.24804687500000008 0.6796875 0.23730468750000006 0.6796875 0.23730468750000008 0.7021484375 0.2480468750000001 0.7021484375
26 0.2607421875000001 0.6796875 0.2509765625000001 0.6796875 0.2509765625000001 0.7001953125 0.2607421875000001 0.7001953125
42 0.2753906250000001 0.6787109375 0.2636718750000001 0.6787109375 0.2636718750000001 0.7001953125 0.2753906250000001 0.7001953125
49 0.2890625000000001 0.6767578125 0.2783203125000001 0.6767578125 0.2783203125000001 0.6982421875 0.2890625000000001 0.6982421875
19 0.3017578125000001 0.6767578125 0.2919921875000001 0.6767578125 0.2919921875000001 0.697265625 0.3017578125000001 0.697265625
46 0.3154296875000001 0.6748046875 0.3046875000000001 0.6748046875 0.3046875000000001 0.697265625 0.3154296875000001 0.697265625
40 0.3281250000000001 0.6748046875 0.3183593750000001 0.6748046875 0.3183593750000001 0.6953125 0.3281250000000001 0.6953125
42 0.3408203125000001 0.673828125 0.3310546875000001 0.673828125 0.3310546875000001 0.6943359375 0.3408203125000001 0.6943359375
30 0.3535156250000001 0.671875 0.3437500000000001 0.671875 0.3437500000000001 0.6923828125 0.3535156250000001 0.6923828125
52 0.3662109375000001 0.671875 0.3564453125000001 0.671875 0.3564453125000001 0.6923828125 0.3662109375000001 0.6923828125
30 0.3906250000000001 0.6689453125 0.3808593750000001 0.6689453125 0.3808593750000001 0.6884765625 0.3906250000000001 0.6884765625
37 0.4033203125000001 0.6689453125 0.3925781250000001 0.6689453125 0.3925781250000001 0.689453125 0.4033203125000001 0.689453125
47 0.4140625000000001 0.6689453125 0.4052734375000001 0.6689453125 0.4052734375000001 0.6884765625 0.4140625000000001 0.6884765625
43 0.4375000000000001 0.666015625 0.4287109375000001 0.666015625 0.4287109375000001 0.6865234375 0.4375000000000001 0.6865234375
47 0.4482421875000001 0.6669921875 0.4404296875000001 0.6669921875 0.4404296875000001 0.685546875 0.4482421875000001 0.685546875
49 0.4707031250000001 0.6640625 0.4628906250000001 0.6640625 0.4628906250000001 0.68359375 0.4707031250000001 0.68359375
47 0.4824218750000001 0.6650390625 0.4736328125000001 0.6650390625 0.4736328125000001 0.68359375 0.4824218750000001 0.68359375
42 0.50390625 0.662109375 0.4951171875000001 0.662109375 0.4951171875000001 0.681640625 0.50390625 0.681640625
19 0.5146484375 0.662109375 0.5068359375 0.662109375 0.5068359375 0.6796875 0.5146484375 0.6796875
50 0.525390625 0.6611328125 0.517578125 0.6611328125 0.517578125 0.6787109375 0.525390625 0.6787109375
37 0.53515625 0.66015625 0.5263671875 0.66015625 0.5263671875 0.6787109375 0.53515625 0.6787109375
19 0.5458984375 0.66015625 0.5380859375 0.66015625 0.5380859375 0.677734375 0.5458984375 0.677734375
39 0.5556640625 0.6591796875 0.5478515625 0.6591796875 0.5478515625 0.677734375 0.5556640625 0.677734375
30 0.5654296875 0.6572265625 0.5576171875 0.6572265625 0.5576171875 0.67578125 0.5654296875 0.67578125
39 0.5751953125 0.6572265625 0.5673828125 0.6572265625 0.5673828125 0.67578125 0.5751953125 0.67578125
40 0.5859375 0.6572265625 0.578125 0.6572265625 0.578125 0.6748046875 0.5859375 0.6748046875
49 0.595703125 0.65625 0.5869140625 0.65625 0.5869140625 0.6748046875 0.595703125 0.6748046875
19 0.60546875 0.65625 0.59765625 0.65625 0.59765625 0.6728515625 0.60546875 0.6728515625
28 0.6240234375 0.654296875 0.6162109375 0.654296875 0.6162109375 0.671875 0.6240234375 0.671875
42 0.6337890625 0.654296875 0.6259765625 0.654296875 0.6259765625 0.671875 0.6337890625 0.671875
19 0.642578125 0.6533203125 0.634765625 0.6533203125 0.634765625 0.669921875 0.642578125 0.669921875
27 0.6513671875 0.6533203125 0.64453125 0.6533203125 0.64453125 0.669921875 0.6513671875 0.669921875
30 0.6611328125 0.65234375 0.6533203125 0.65234375 0.6533203125 0.6689453125 0.6611328125 0.6689453125
33 0.669921875 0.65234375 0.662109375 0.65234375 0.662109375 0.6689453125 0.669921875 0.6689453125
42 0.6875 0.6513671875 0.6796875 0.6513671875 0.6796875 0.6689453125 0.6875 0.6689453125
19 0.6962890625 0.650390625 0.689453125 0.650390625 0.689453125 0.6669921875 0.6962890625 0.6669921875
20 0.705078125 0.650390625 0.6982421875 0.650390625 0.6982421875 0.6669921875 0.705078125 0.6669921875
40 0.712890625 0.650390625 0.7060546875 0.650390625 0.7060546875 0.6669921875 0.712890625 0.6669921875
46 0.7216796875 0.6494140625 0.71484375 0.6494140625 0.71484375 0.666015625 0.7216796875 0.666015625
32 0.73046875 0.6494140625 0.7236328125 0.6494140625 0.7236328125 0.666015625 0.73046875 0.666015625
19 0.2041015625000001 0.7138671875 0.1923828125000001 0.7138671875 0.1923828125000001 0.7353515625 0.2041015625000001 0.7353515625
23 0.2187500000000001 0.7119140625 0.2080078125000001 0.7119140625 0.2080078125000001 0.734375 0.2187500000000001 0.734375
37 0.2324218750000001 0.7099609375 0.2216796875000001 0.7099609375 0.2216796875000001 0.7333984375 0.2324218750000001 0.7333984375
30 0.2470703125000001 0.708984375 0.2363281250000001 0.708984375 0.2363281250000001 0.732421875 0.2470703125000001 0.732421875
39 0.2607421875000001 0.7080078125 0.2500000000000001 0.7080078125 0.2500000000000001 0.7294921875 0.2607421875000001 0.7294921875
30 0.2753906250000001 0.70703125 0.2646484375000001 0.70703125 0.2646484375000001 0.7294921875 0.2753906250000001 0.7294921875
43 0.2880859375000001 0.705078125 0.2773437500000001 0.705078125 0.2773437500000001 0.7275390625 0.2880859375000001 0.7275390625
46 0.3007812500000001 0.7041015625 0.2910156250000001 0.7041015625 0.2910156250000001 0.7255859375 0.3007812500000001 0.7255859375
42 0.3144531250000001 0.7041015625 0.3046875000000001 0.7041015625 0.3046875000000001 0.724609375 0.3144531250000001 0.724609375
19 0.3281250000000001 0.703125 0.3183593750000001 0.703125 0.3183593750000001 0.7236328125 0.3281250000000001 0.7236328125
21 0.3398437500000001 0.701171875 0.3310546875000001 0.701171875 0.3310546875000001 0.7216796875 0.3398437500000001 0.7216796875
30 0.3535156250000001 0.7001953125 0.3437500000000001 0.7001953125 0.3437500000000001 0.720703125 0.3535156250000001 0.720703125
30 0.3652343750000001 0.69921875 0.3564453125000001 0.69921875 0.3564453125000001 0.720703125 0.3652343750000001 0.720703125
33 0.3906250000000001 0.697265625 0.3808593750000001 0.697265625 0.3808593750000001 0.716796875 0.3906250000000001 0.716796875
40 0.4013671875000001 0.6962890625 0.3925781250000001 0.6962890625 0.3925781250000001 0.7158203125 0.4013671875000001 0.7158203125
39 0.4140625000000001 0.6943359375 0.4052734375000001 0.6943359375 0.4052734375000001 0.71484375 0.4140625000000001 0.71484375
43 0.4257812500000001 0.6943359375 0.4160156250000001 0.6943359375 0.4160156250000001 0.71484375 0.4257812500000001 0.71484375
26 0.4375000000000001 0.693359375 0.4287109375000001 0.693359375 0.4287109375000001 0.7138671875 0.4375000000000001 0.7138671875
42 0.4482421875000001 0.69140625 0.4394531250000001 0.69140625 0.4394531250000001 0.7119140625 0.4482421875000001 0.7119140625
49 0.4589843750000001 0.6904296875 0.4511718750000001 0.6904296875 0.4511718750000001 0.7099609375 0.4589843750000001 0.7099609375
19 0.4716796875000001 0.6904296875 0.4628906250000001 0.6904296875 0.4628906250000001 0.7099609375 0.4716796875000001 0.7099609375
46 0.4814453125000001 0.689453125 0.4726562500000001 0.689453125 0.4726562500000001 0.708984375 0.4814453125000001 0.708984375
40 0.4921875000000001 0.6884765625 0.4843750000000001 0.6884765625 0.4843750000000001 0.7080078125 0.4921875000000001 0.7080078125
42 0.5029296875 0.6875 0.4951171875000001 0.6875 0.4951171875000001 0.70703125 0.5029296875 0.70703125
30 0.5146484375 0.6865234375 0.505859375 0.6865234375 0.505859375 0.705078125 0.5146484375 0.705078125
30 0.5244140625 0.685546875 0.515625 0.685546875 0.515625 0.705078125 0.5244140625 0.705078125
41 0.544921875 0.6845703125 0.5361328125 0.6845703125 0.5361328125 0.703125 0.544921875 0.703125
40 0.5546875 0.68359375 0.546875 0.68359375 0.546875 0.7021484375 0.5546875 0.7021484375
39 0.5654296875 0.68359375 0.5576171875 0.68359375 0.5576171875 0.701171875 0.5654296875 0.701171875
26 0.57421875 0.6826171875 0.5673828125 0.6826171875 0.5673828125 0.7001953125 0.57421875 0.7001953125
23 0.5849609375 0.6806640625 0.578125 0.6806640625 0.578125 0.69921875 0.5849609375 0.69921875
26 0.5947265625 0.681640625 0.587890625 0.681640625 0.587890625 0.6982421875 0.5947265625 0.6982421875
36 0.603515625 0.6806640625 0.5966796875 0.6806640625 0.5966796875 0.697265625 0.603515625 0.697265625
38 0.61328125 0.6796875 0.6064453125 0.6796875 0.6064453125 0.697265625 0.61328125 0.697265625
39 0.623046875 0.6787109375 0.615234375 0.6787109375 0.615234375 0.6962890625 0.623046875 0.6962890625
30 0.6328125 0.6787109375 0.625 0.6787109375 0.625 0.6962890625 0.6328125 0.6962890625
33 0.642578125 0.677734375 0.634765625 0.677734375 0.634765625 0.6953125 0.642578125 0.6953125
24 0.650390625 0.677734375 0.6435546875 0.677734375 0.6435546875 0.6943359375 0.650390625 0.6943359375
41 0.6689453125 0.67578125 0.662109375 0.67578125 0.662109375 0.6923828125 0.6689453125 0.6923828125
52 0.677734375 0.6748046875 0.6708984375 0.6748046875 0.6708984375 0.69140625 0.677734375 0.69140625
46 0.6865234375 0.673828125 0.6796875 0.673828125 0.6796875 0.69140625 0.6865234375 0.69140625
39 0.6953125 0.673828125 0.6884765625 0.673828125 0.6884765625 0.69140625 0.6953125 0.69140625
30 0.7041015625 0.6728515625 0.697265625 0.6728515625 0.697265625 0.6904296875 0.7041015625 0.6904296875
21 0.712890625 0.671875 0.7060546875 0.671875 0.7060546875 0.689453125 0.712890625 0.689453125
19 0.7216796875 0.671875 0.7138671875 0.671875 0.7138671875 0.6884765625 0.7216796875 0.6884765625
25 0.7294921875 0.671875 0.72265625 0.671875 0.72265625 0.6875 0.7294921875 0.6875
18 0.75390625 0.669921875 0.7392578125 0.669921875 0.7392578125 0.6875 0.75390625 0.6875
25 0.7626953125 0.6689453125 0.755859375 0.6689453125 0.755859375 0.685546875 0.7626953125 0.685546875
1 0.7939453125 0.6669921875 0.771484375 0.6669921875 0.771484375 0.6845703125 0.7939453125 0.6845703125
0 0.7861328125 0.66796875 0.771484375 0.66796875 0.771484375 0.6845703125 0.7861328125 0.6845703125
24 0.8017578125 0.6669921875 0.794921875 0.6669921875 0.794921875 0.6826171875 0.8017578125 0.6826171875
5 0.2314453125000001 0.7392578125 0.1923828125000001 0.7392578125 0.1923828125000001 0.765625 0.2314453125000001 0.765625
2 0.2187500000000001 0.7412109375 0.1923828125000001 0.7412109375 0.1923828125000001 0.765625 0.2187500000000001 0.765625
25 0.2460937500000001 0.7392578125 0.2353515625000001 0.7392578125 0.2353515625000001 0.759765625 0.2460937500000001 0.759765625
14 0.3007812500000001 0.732421875 0.2626953125000001 0.732421875 0.2626953125000001 0.7568359375 0.3007812500000001 0.7568359375
13 0.2871093750000001 0.734375 0.2636718750000001 0.734375 0.2636718750000001 0.7568359375 0.2871093750000001 0.7568359375
41 0.3271484375000001 0.7294921875 0.3173828125000001 0.7294921875 0.3173828125000001 0.7509765625 0.3271484375000001 0.7509765625
26 0.3398437500000001 0.7294921875 0.3300781250000001 0.7294921875 0.3300781250000001 0.7490234375 0.3398437500000001 0.7490234375
42 0.3525390625000001 0.7275390625 0.3417968750000001 0.7275390625 0.3417968750000001 0.7490234375 0.3525390625000001 0.7490234375
26 0.3642578125000001 0.7275390625 0.3554687500000001 0.7275390625 0.3554687500000001 0.7470703125 0.3642578125000001 0.7470703125
42 0.3769531250000001 0.7255859375 0.3671875000000001 0.7255859375 0.3671875000000001 0.74609375 0.3769531250000001 0.74609375
32 0.3886718750000001 0.7236328125 0.3798828125000001 0.7236328125 0.3798828125000001 0.744140625 0.3886718750000001 0.744140625
49 0.4013671875000001 0.72265625 0.3916015625000001 0.72265625 0.3916015625000001 0.7431640625 0.4013671875000001 0.7431640625
25 0.4130859375000001 0.72265625 0.4042968750000001 0.72265625 0.4042968750000001 0.7412109375 0.4130859375000001 0.7412109375
3 0.4589843750000001 0.716796875 0.4267578125000001 0.716796875 0.4267578125000001 0.7392578125 0.4589843750000001 0.7392578125
2 0.4492187500000001 0.71875 0.4277343750000001 0.71875 0.4277343750000001 0.7392578125 0.4492187500000001 0.7392578125
25 0.4707031250000001 0.716796875 0.4619140625000001 0.716796875 0.4619140625000001 0.7353515625 0.4707031250000001 0.7353515625
1 0.5126953125 0.7119140625 0.4833984375000001 0.7119140625 0.4833984375000001 0.7333984375 0.5126953125 0.7333984375
0 0.5029296875 0.712890625 0.4833984375000001 0.712890625 0.4833984375000001 0.7333984375 0.5029296875 0.7333984375
24 0.5234375 0.712890625 0.515625 0.712890625 0.515625 0.73046875 0.5234375 0.73046875
3 0.564453125 0.70703125 0.5361328125 0.70703125 0.5361328125 0.7275390625 0.564453125 0.7275390625
2 0.5556640625 0.7080078125 0.5361328125 0.7080078125 0.5361328125 0.7275390625 0.5556640625 0.7275390625
25 0.57421875 0.7080078125 0.56640625 0.7080078125 0.56640625 0.724609375 0.57421875 0.724609375
14 0.6123046875 0.703125 0.5859375 0.703125 0.5859375 0.7236328125 0.6123046875 0.7236328125
13 0.603515625 0.7041015625 0.5859375 0.7041015625 0.5859375 0.72265625 0.603515625 0.72265625
28 0.6318359375 0.7021484375 0.625 0.7021484375 0.625 0.71875 0.6318359375 0.71875
42 0.6416015625 0.701171875 0.6337890625 0.701171875 0.6337890625 0.71875 0.6416015625 0.71875
19 0.650390625 0.7001953125 0.642578125 0.7001953125 0.642578125 0.7158203125 0.650390625 0.7158203125
27 0.6591796875 0.69921875 0.65234375 0.69921875 0.65234375 0.7158203125 0.6591796875 0.7158203125
30 0.66796875 0.69921875 0.6611328125 0.69921875 0.6611328125 0.7158203125 0.66796875 0.7158203125
33 0.677734375 0.6982421875 0.669921875 0.6982421875 0.669921875 0.71484375 0.677734375 0.71484375
42 0.6943359375 0.6962890625 0.6875 0.6962890625 0.6875 0.7138671875 0.6943359375 0.7138671875
19 0.7041015625 0.6962890625 0.697265625 0.6962890625 0.697265625 0.7119140625 0.7041015625 0.7119140625
20 0.7119140625 0.6953125 0.705078125 0.6953125 0.705078125 0.7119140625 0.7119140625 0.7119140625
40 0.720703125 0.6953125 0.7138671875 0.6953125 0.7138671875 0.7119140625 0.720703125 0.7119140625
46 0.728515625 0.693359375 0.7216796875 0.693359375 0.7216796875 0.7109375 0.728515625 0.7109375
32 0.736328125 0.693359375 0.73046875 0.693359375 0.73046875 0.7099609375 0.736328125 0.7099609375
33 0.2031250000000001 0.7734375 0.1914062500000001 0.7734375 0.1914062500000001 0.7939453125 0.2031250000000001 0.7939453125
40 0.2167968750000001 0.771484375 0.2060546875000001 0.771484375 0.2060546875000001 0.79296875 0.2167968750000001 0.79296875
39 0.2314453125000001 0.7685546875 0.2207031250000001 0.7685546875 0.2207031250000001 0.791015625 0.2314453125000001 0.791015625
43 0.2460937500000001 0.767578125 0.2353515625000001 0.767578125 0.2353515625000001 0.7890625 0.2460937500000001 0.7890625
26 0.2597656250000001 0.7666015625 0.2490234375000001 0.7666015625 0.2490234375000001 0.787109375 0.2597656250000001 0.787109375
42 0.2734375000000001 0.765625 0.2626953125000001 0.765625 0.2626953125000001 0.787109375 0.2734375000000001 0.787109375
49 0.2871093750000001 0.7626953125 0.2763671875000001 0.7626953125 0.2763671875000001 0.7841796875 0.2871093750000001 0.7841796875
19 0.3007812500000001 0.76171875 0.2900390625000001 0.76171875 0.2900390625000001 0.7822265625 0.3007812500000001 0.7822265625
46 0.3134765625000001 0.759765625 0.3037109375000001 0.759765625 0.3037109375000001 0.78125 0.3134765625000001 0.78125
40 0.3261718750000001 0.7587890625 0.3164062500000001 0.7587890625 0.3164062500000001 0.779296875 0.3261718750000001 0.779296875
42 0.3388671875000001 0.7578125 0.3291015625000001 0.7578125 0.3291015625000001 0.7783203125 0.3388671875000001 0.7783203125
30 0.3525390625000001 0.7548828125 0.3427734375000001 0.7548828125 0.3427734375000001 0.7763671875 0.3525390625000001 0.7763671875
30 0.3642578125000001 0.75390625 0.3544921875000001 0.75390625 0.3544921875000001 0.7744140625 0.3642578125000001 0.7744140625
41 0.3886718750000001 0.7509765625 0.3789062500000001 0.7509765625 0.3789062500000001 0.771484375 0.3886718750000001 0.771484375
40 0.4003906250000001 0.7509765625 0.3916015625000001 0.7509765625 0.3916015625000001 0.7705078125 0.4003906250000001 0.7705078125
39 0.4121093750000001 0.748046875 0.4033203125000001 0.748046875 0.4033203125000001 0.7685546875 0.4121093750000001 0.7685546875
26 0.4238281250000001 0.748046875 0.4150390625000001 0.748046875 0.4150390625000001 0.767578125 0.4238281250000001 0.767578125
23 0.4355468750000001 0.7451171875 0.4267578125000001 0.7451171875 0.4267578125000001 0.765625 0.4355468750000001 0.765625
26 0.4472656250000001 0.7451171875 0.4384765625000001 0.7451171875 0.4384765625000001 0.7646484375 0.4472656250000001 0.7646484375
36 0.4580078125000001 0.744140625 0.4492187500000001 0.744140625 0.4492187500000001 0.763671875 0.4580078125000001 0.763671875
38 0.4687500000000001 0.7421875 0.4609375000000001 0.7421875 0.4609375000000001 0.7607421875 0.4687500000000001 0.7607421875
39 0.4804687500000001 0.7412109375 0.4716796875000001 0.7412109375 0.4716796875000001 0.759765625 0.4804687500000001 0.759765625
30 0.4912109375000001 0.740234375 0.4824218750000001 0.740234375 0.4824218750000001 0.7587890625 0.4912109375000001 0.7587890625
33 0.5029296875 0.7392578125 0.4941406250000001 0.7392578125 0.4941406250000001 0.7578125 0.5029296875 0.7578125
24 0.5126953125 0.7392578125 0.5048828125 0.7392578125 0.5048828125 0.7568359375 0.5126953125 0.7568359375
43 0.533203125 0.7353515625 0.525390625 0.7353515625 0.525390625 0.75390625 0.533203125 0.75390625
51 0.5439453125 0.734375 0.5361328125 0.734375 0.5361328125 0.7529296875 0.5439453125 0.7529296875
20 0.5546875 0.7333984375 0.5458984375 0.7333984375 0.5458984375 0.751953125 0.5546875 0.751953125
20 0.564453125 0.7333984375 0.5556640625 0.7333984375 0.5556640625 0.751953125 0.564453125 0.751953125
40 0.57421875 0.732421875 0.5654296875 0.732421875 0.5654296875 0.75 0.57421875 0.75
46 0.583984375 0.73046875 0.576171875 0.73046875 0.576171875 0.7490234375 0.583984375 0.7490234375
19 0.59375 0.7294921875 0.5859375 0.7294921875 0.5859375 0.748046875 0.59375 0.748046875
25 0.6025390625 0.7294921875 0.5947265625 0.7294921875 0.5947265625 0.74609375 0.6025390625 0.74609375
15 0.6318359375 0.7255859375 0.6142578125 0.7255859375 0.6142578125 0.744140625 0.6318359375 0.744140625
25 0.640625 0.7265625 0.6328125 0.7265625 0.6328125 0.7421875 0.640625 0.7421875
1 0.6767578125 0.7216796875 0.6513671875 0.7216796875 0.6513671875 0.7412109375 0.6767578125 0.7412109375
0 0.6669921875 0.72265625 0.6513671875 0.72265625 0.6513671875 0.7412109375 0.6669921875 0.7412109375
24 0.685546875 0.7216796875 0.6787109375 0.7216796875 0.6787109375 0.73828125 0.685546875 0.73828125
8 0.728515625 0.7158203125 0.7041015625 0.7158203125 0.7041015625 0.734375 0.728515625 0.734375
6 0.720703125 0.7177734375 0.7041015625 0.7177734375 0.7041015625 0.7353515625 0.720703125 0.7353515625
25 0.736328125 0.716796875 0.7294921875 0.716796875 0.7294921875 0.7314453125 0.736328125 0.7314453125
1 0.7685546875 0.7119140625 0.74609375 0.7119140625 0.74609375 0.73046875 0.7685546875 0.73046875
0 0.7607421875 0.712890625 0.74609375 0.712890625 0.74609375 0.73046875 0.7607421875 0.73046875
49 0.2021484375000001 0.802734375 0.1914062500000001 0.802734375 0.1914062500000001 0.82421875 0.2021484375000001 0.82421875
40 0.2167968750000001 0.80078125 0.2050781250000001 0.80078125 0.2050781250000001 0.822265625 0.2167968750000001 0.822265625
43 0.2314453125000001 0.7978515625 0.2207031250000001 0.7978515625 0.2207031250000001 0.8203125 0.2314453125000001 0.8203125
33 0.2451171875000001 0.7978515625 0.2343750000000001 0.7978515625 0.2343750000000001 0.818359375 0.2451171875000001 0.818359375
42 0.2587890625000001 0.7958984375 0.2480468750000001 0.7958984375 0.2480468750000001 0.8173828125 0.2587890625000001 0.8173828125
26 0.2724609375000001 0.7939453125 0.2617187500000001 0.7939453125 0.2617187500000001 0.814453125 0.2724609375000001 0.814453125
43 0.2861328125000001 0.791015625 0.2753906250000001 0.791015625 0.2753906250000001 0.8125 0.2861328125000001 0.8125
26 0.2998046875000001 0.7900390625 0.2890625000000001 0.7900390625 0.2890625000000001 0.810546875 0.2998046875000001 0.810546875
39 0.3125000000000001 0.787109375 0.3027343750000001 0.787109375 0.3027343750000001 0.80859375 0.3125000000000001 0.80859375
38 0.3251953125000001 0.7861328125 0.3154296875000001 0.7861328125 0.3154296875000001 0.8076171875 0.3251953125000001 0.8076171875
26 0.3378906250000001 0.78515625 0.3291015625000001 0.78515625 0.3291015625000001 0.8056640625 0.3378906250000001 0.8056640625
25 0.3515625000000001 0.7841796875 0.3417968750000001 0.7841796875 0.3417968750000001 0.8046875 0.3515625000000001 0.8046875
15 0.3876953125000001 0.77734375 0.3662109375000001 0.77734375 0.3662109375000001 0.80078125 0.3876953125000001 0.80078125
25 0.3994140625000001 0.77734375 0.3906250000000001 0.77734375 0.3906250000000001 0.796875 0.3994140625000001 0.796875
1 0.4462890625000001 0.7705078125 0.4140625000000001 0.7705078125 0.4140625000000001 0.7939453125 0.4462890625000001 0.7939453125
0 0.4345703125000001 0.7724609375 0.4140625000000001 0.7724609375 0.4140625000000001 0.7939453125 0.4345703125000001 0.7939453125
24 0.4570312500000001 0.771484375 0.4492187500000001 0.771484375 0.4492187500000001 0.7890625 0.4570312500000001 0.7890625
7 0.5009765625 0.7646484375 0.4707031250000001 0.7646484375 0.4707031250000001 0.7861328125 0.5009765625 0.7861328125
6 0.4912109375000001 0.7666015625 0.4707031250000001 0.7666015625 0.4707031250000001 0.7861328125 0.4912109375000001 0.7861328125
25 0.51171875 0.763671875 0.50390625 0.763671875 0.50390625 0.78125 0.51171875 0.78125
1 0.552734375 0.7578125 0.5244140625 0.7578125 0.5244140625 0.779296875 0.552734375 0.779296875
0 0.54296875 0.7587890625 0.5244140625 0.7587890625 0.5244140625 0.779296875 0.54296875 0.779296875
15 0.58203125 0.7548828125 0.5654296875 0.7548828125 0.5654296875 0.7744140625 0.58203125 0.7744140625
45 0.6025390625 0.75390625 0.5947265625 0.75390625 0.5947265625 0.7705078125 0.6025390625 0.7705078125
17 0.6396484375 0.748046875 0.6044921875 0.748046875 0.6044921875 0.76953125 0.6396484375 0.76953125
16 0.630859375 0.7490234375 0.6044921875 0.7490234375 0.6044921875 0.76953125 0.630859375 0.76953125
15 0.62109375 0.7509765625 0.6044921875 0.7509765625 0.6044921875 0.76953125 0.62109375 0.76953125
45 0.6494140625 0.748046875 0.6416015625 0.748046875 0.6416015625 0.7646484375 0.6494140625 0.7646484375
10 0.6943359375 0.7421875 0.66015625 0.7421875 0.66015625 0.7626953125 0.6943359375 0.7626953125
9 0.6845703125 0.7431640625 0.6591796875 0.7431640625 0.6591796875 0.76171875 0.6845703125 0.76171875
6 0.67578125 0.744140625 0.66015625 0.744140625 0.66015625 0.7626953125 0.67578125 0.7626953125
12 0.7275390625 0.73828125 0.703125 0.73828125 0.703125 0.7578125 0.7275390625 0.7578125
11 0.7197265625 0.7392578125 0.7041015625 0.7392578125 0.7041015625 0.7578125 0.7197265625 0.7578125
4 0.7607421875 0.7353515625 0.7373046875 0.7353515625 0.7373046875 0.7529296875 0.7607421875 0.7529296875
2 0.7529296875 0.736328125 0.7373046875 0.736328125 0.7373046875 0.7529296875 0.7529296875 0.7529296875