40 0.2958984375000001 0.5859375 0.2841796875000001 0.5859375 0.2841796875000001 0.6123046875 0.2958984375000001 0.6123046875
40 0.3095703125000001 0.5859375 0.2988281250000001 0.5859375 0.2988281250000001 0.6123046875 0.3095703125000001 0.6123046875
40 0.3251953125000001 0.5849609375 0.3134765625000001 0.5849609375 0.3134765625000001 0.61328125 0.3251953125000001 0.61328125
34 0.3476562500000001 0.5859375 0.3349609375000001 0.5859375 0.3349609375000001 0.61328125 0.3476562500000001 0.61328125
28 0.3623046875000001 0.5869140625 0.3515625000000001 0.5869140625 0.3515625000000001 0.61328125 0.3623046875000001 0.61328125
30 0.3789062500000001 0.5869140625 0.3671875000000001 0.5869140625 0.3671875000000001 0.6142578125 0.3789062500000001 0.6142578125
23 0.3945312500000001 0.5859375 0.3828125000000001 0.5859375 0.3828125000000001 0.61328125 0.3945312500000001 0.61328125
24 0.4179687500000001 0.5869140625 0.4062500000000001 0.5869140625 0.4062500000000001 0.6142578125 0.4179687500000001 0.6142578125
23 0.4423828125000001 0.5869140625 0.4296875000000001 0.5869140625 0.4296875000000001 0.615234375 0.4423828125000001 0.615234375
26 0.4589843750000001 0.5869140625 0.4462890625000001 0.5869140625 0.4462890625000001 0.6171875 0.4589843750000001 0.6171875
44 0.4755859375000001 0.5869140625 0.4628906250000001 0.5869140625 0.4628906250000001 0.615234375 0.4755859375000001 0.615234375
53 0.4931640625000001 0.5869140625 0.4804687500000001 0.5869140625 0.4804687500000001 0.6162109375 0.4931640625000001 0.6162109375
49 0.509765625 0.5869140625 0.4970703125000001 0.5869140625 0.4970703125000001 0.6162109375 0.509765625 0.6162109375
19 0.5283203125 0.587890625 0.513671875 0.587890625 0.513671875 0.6181640625 0.5283203125 0.6181640625
52 0.5458984375 0.5869140625 0.5322265625 0.5869140625 0.5322265625 0.6181640625 0.5458984375 0.6181640625
19 0.57421875 0.587890625 0.5595703125 0.587890625 0.5595703125 0.619140625 0.57421875 0.619140625
41 0.591796875 0.5869140625 0.5771484375 0.5869140625 0.5771484375 0.619140625 0.591796875 0.619140625
46 0.6103515625 0.587890625 0.595703125 0.587890625 0.595703125 0.6171875 0.6103515625 0.6171875
26 0.630859375 0.5888671875 0.615234375 0.5888671875 0.615234375 0.62109375 0.630859375 0.62109375
33 0.6513671875 0.5888671875 0.6357421875 0.5888671875 0.6357421875 0.619140625 0.6513671875 0.619140625
19 0.6708984375 0.5888671875 0.6552734375 0.5888671875 0.6552734375 0.6220703125 0.6708984375 0.6220703125
35 0.69140625 0.587890625 0.67578125 0.587890625 0.67578125 0.62109375 0.69140625 0.62109375
19 0.3544921875000001 0.625 0.3427734375000001 0.625 0.3427734375000001 0.65234375 0.3544921875000001 0.65234375
41 0.3691406250000001 0.625 0.3564453125000001 0.625 0.3564453125000001 0.65234375 0.3691406250000001 0.65234375
46 0.3857421875000001 0.625 0.3730468750000001 0.625 0.3730468750000001 0.6533203125 0.3857421875000001 0.6533203125
26 0.4003906250000001 0.625 0.3906250000000001 0.625 0.3906250000000001 0.6533203125 0.4003906250000001 0.6533203125
22 0.4179687500000001 0.6259765625 0.4042968750000001 0.6259765625 0.4042968750000001 0.654296875 0.4179687500000001 0.654296875
39 0.4335937500000001 0.625 0.4208984375000001 0.625 0.4208984375000001 0.6552734375 0.4335937500000001 0.6552734375
32 0.4501953125000001 0.625 0.4375000000000001 0.625 0.4375000000000001 0.65625 0.4501953125000001 0.65625
31 0.4667968750000001 0.626953125 0.4541015625000001 0.626953125 0.4541015625000001 0.65625 0.4667968750000001 0.65625
41 0.4921875000000001 0.6279296875 0.4785156250000001 0.6279296875 0.4785156250000001 0.65625 0.4921875000000001 0.65625
51 0.509765625 0.6279296875 0.4970703125000001 0.6279296875 0.4970703125000001 0.6591796875 0.509765625 0.6591796875
39 0.52734375 0.62890625 0.5146484375 0.62890625 0.5146484375 0.6572265625 0.52734375 0.6572265625
33 0.544921875 0.62890625 0.5322265625 0.62890625 0.5322265625 0.6591796875 0.544921875 0.6591796875
46 0.5634765625 0.630859375 0.55078125 0.630859375 0.55078125 0.66015625 0.5634765625 0.66015625
42 0.2812500000000001 0.6611328125 0.2685546875000001 0.6611328125 0.2685546875000001 0.6875 0.2812500000000001 0.6875
26 0.2958984375000001 0.662109375 0.2851562500000001 0.662109375 0.2851562500000001 0.689453125 0.2958984375000001 0.689453125
29 0.3115234375000001 0.662109375 0.2998046875000001 0.662109375 0.2998046875000001 0.689453125 0.3115234375000001 0.689453125
30 0.3261718750000001 0.6640625 0.3144531250000001 0.6640625 0.3144531250000001 0.6904296875 0.3261718750000001 0.6904296875
37 0.3417968750000001 0.6640625 0.3291015625000001 0.6640625 0.3291015625000001 0.69140625 0.3417968750000001 0.69140625
42 0.3642578125000001 0.6650390625 0.3505859375000001 0.6650390625 0.3505859375000001 0.6923828125 0.3642578125000001 0.6923828125
19 0.3808593750000001 0.6650390625 0.3681640625000001 0.6650390625 0.3681640625000001 0.6923828125 0.3808593750000001 0.6923828125
20 0.3964843750000001 0.6650390625 0.3837890625000001 0.6650390625 0.3837890625000001 0.693359375 0.3964843750000001 0.693359375
40 0.4121093750000001 0.6669921875 0.3994140625000001 0.6669921875 0.3994140625000001 0.6953125 0.4121093750000001 0.6953125
46 0.4287109375000001 0.6669921875 0.4160156250000001 0.6669921875 0.4160156250000001 0.6953125 0.4287109375000001 0.6953125
32 0.4453125000000001 0.66796875 0.4326171875000001 0.66796875 0.4326171875000001 0.6962890625 0.4453125000000001 0.6962890625
43 0.4707031250000001 0.6689453125 0.4570312500000001 0.6689453125 0.4570312500000001 0.697265625 0.4707031250000001 0.697265625
47 0.513671875 0.671875 0.5 0.671875 0.5 0.7021484375 0.513671875 0.7021484375
23 0.5771484375 0.673828125 0.5634765625 0.673828125 0.5634765625 0.705078125 0.5771484375 0.705078125
40 0.5966796875 0.6748046875 0.58203125 0.6748046875 0.58203125 0.70703125 0.5966796875 0.70703125
47 0.666015625 0.6767578125 0.650390625 0.6767578125 0.650390625 0.7119140625 0.666015625 0.7119140625
20 0.3095703125000001 0.701171875 0.2968750000000001 0.701171875 0.2968750000000001 0.7294921875 0.3095703125000001 0.7294921875
26 0.3232421875000001 0.7021484375 0.3125000000000001 0.7021484375 0.3125000000000001 0.7294921875 0.3232421875000001 0.7294921875
54 0.3388671875000001 0.7021484375 0.3271484375000001 0.7021484375 0.3271484375000001 0.73046875 0.3388671875000001 0.73046875
41 0.3623046875000001 0.7041015625 0.3496093750000001 0.7041015625 0.3496093750000001 0.7333984375 0.3623046875000001 0.7333984375
26 0.3779296875000001 0.7060546875 0.3662109375000001 0.7060546875 0.3662109375000001 0.736328125 0.3779296875000001 0.736328125
42 0.3935546875000001 0.7060546875 0.3808593750000001 0.7060546875 0.3808593750000001 0.7353515625 0.3935546875000001 0.7353515625
26 0.4111328125000001 0.70703125 0.3984375000000001 0.70703125 0.3984375000000001 0.736328125 0.4111328125000001 0.736328125
42 0.4267578125000001 0.7080078125 0.4130859375000001 0.7080078125 0.4130859375000001 0.73828125 0.4267578125000001 0.73828125
32 0.4433593750000001 0.708984375 0.4306640625000001 0.708984375 0.4306640625000001 0.73828125 0.4433593750000001 0.73828125
49 0.4609375000000001 0.7099609375 0.4472656250000001 0.7099609375 0.4472656250000001 0.740234375 0.4609375000000001 0.740234375
19 0.4794921875000001 0.7109375 0.4648437500000001 0.7109375 0.4648437500000001 0.7412109375 0.4794921875000001 0.7412109375
30 0.50390625 0.7138671875 0.4902343750000001 0.7138671875 0.4902343750000001 0.744140625 0.50390625 0.744140625
49 0.5302734375 0.71484375 0.5166015625 0.71484375 0.5166015625 0.74609375 0.5302734375 0.74609375
32 0.548828125 0.7158203125 0.5341796875 0.7158203125 0.5341796875 0.7470703125 0.548828125 0.7470703125
50 0.5673828125 0.71875 0.552734375 0.71875 0.552734375 0.75 0.5673828125 0.75
40 0.5869140625 0.71875 0.5712890625 0.71875 0.5712890625 0.7509765625 0.5869140625 0.7509765625
23 0.60546875 0.7197265625 0.591796875 0.7197265625 0.591796875 0.7529296875 0.60546875 0.7529296875
39 0.6259765625 0.7216796875 0.611328125 0.7216796875 0.611328125 0.75390625 0.6259765625 0.75390625
32 0.646484375 0.7236328125 0.6298828125 0.7236328125 0.6298828125 0.7568359375 0.646484375 0.7568359375
50 0.6669921875 0.724609375 0.6513671875 0.724609375 0.6513671875 0.759765625 0.6669921875 0.759765625