49 0.3750000000000001 0.525390625 0.3623046875000001 0.525390625 0.3623046875000001 0.548828125 0.3750000000000001 0.548828125
32 0.3906250000000001 0.525390625 0.3789062500000001 0.525390625 0.3789062500000001 0.5498046875 0.3906250000000001 0.5498046875
54 0.4072265625000001 0.5244140625 0.3945312500000001 0.5244140625 0.3945312500000001 0.5478515625 0.4072265625000001 0.5478515625
40 0.4228515625000001 0.5234375 0.4111328125000001 0.5234375 0.4111328125000001 0.5478515625 0.4228515625000001 0.5478515625
49 0.4394531250000001 0.5224609375 0.4267578125000001 0.5224609375 0.4267578125000001 0.546875 0.4394531250000001 0.546875
41 0.4716796875000001 0.521484375 0.4599609375000001 0.521484375 0.4599609375000001 0.5458984375 0.4716796875000001 0.5458984375
26 0.4873046875000001 0.5205078125 0.4755859375000001 0.5205078125 0.4755859375000001 0.544921875 0.4873046875000001 0.544921875
42 0.5029296875 0.5205078125 0.4912109375000001 0.5205078125 0.4912109375000001 0.5439453125 0.5029296875 0.5439453125
43 0.5185546875 0.5185546875 0.5068359375 0.5185546875 0.5068359375 0.54296875 0.5185546875 0.54296875
40 0.533203125 0.5185546875 0.521484375 0.5185546875 0.521484375 0.5419921875 0.533203125 0.5419921875
39 0.548828125 0.517578125 0.537109375 0.517578125 0.537109375 0.541015625 0.548828125 0.541015625
19 0.564453125 0.5166015625 0.552734375 0.5166015625 0.552734375 0.5400390625 0.564453125 0.5400390625
36 0.5791015625 0.515625 0.5673828125 0.515625 0.5673828125 0.5390625 0.5791015625 0.5390625
19 0.59375 0.5146484375 0.58203125 0.5146484375 0.58203125 0.5380859375 0.59375 0.5380859375
47 0.6083984375 0.5146484375 0.59765625 0.5146484375 0.59765625 0.5361328125 0.6083984375 0.5361328125
41 0.3750000000000001 0.5595703125 0.3632812500000001 0.5595703125 0.3632812500000001 0.583984375 0.3750000000000001 0.583984375
40 0.3916015625000001 0.55859375 0.3789062500000001 0.55859375 0.3789062500000001 0.5830078125 0.3916015625000001 0.5830078125
23 0.4072265625000001 0.5576171875 0.3955078125000001 0.5576171875 0.3955078125000001 0.5830078125 0.4072265625000001 0.5830078125
54 0.4394531250000001 0.556640625 0.4277343750000001 0.556640625 0.4277343750000001 0.580078125 0.4394531250000001 0.580078125
39 0.4550781250000001 0.5556640625 0.4433593750000001 0.5556640625 0.4433593750000001 0.5791015625 0.4550781250000001 0.5791015625
19 0.4716796875000001 0.5546875 0.4599609375000001 0.5546875 0.4599609375000001 0.578125 0.4716796875000001 0.578125
33 0.4863281250000001 0.5546875 0.4746093750000001 0.5546875 0.4746093750000001 0.578125 0.4863281250000001 0.578125
40 0.501953125 0.5537109375 0.4912109375000001 0.5537109375 0.4912109375000001 0.576171875 0.501953125 0.576171875
37 0.517578125 0.5517578125 0.505859375 0.5517578125 0.505859375 0.5751953125 0.517578125 0.5751953125