49 0.3779296875000001 0.5908203125 0.3681640625000001 0.5908203125 0.3681640625000001 0.611328125 0.3779296875000001 0.611328125
32 0.3906250000000001 0.5908203125 0.3808593750000001 0.5908203125 0.3808593750000001 0.6123046875 0.3906250000000001 0.6123046875
54 0.4042968750000001 0.5908203125 0.3925781250000001 0.5908203125 0.3925781250000001 0.6123046875 0.4042968750000001 0.6123046875
40 0.4160156250000001 0.5908203125 0.4062500000000001 0.5908203125 0.4062500000000001 0.6123046875 0.4160156250000001 0.6123046875
49 0.4306640625000001 0.5908203125 0.4199218750000001 0.5908203125 0.4199218750000001 0.6123046875 0.4306640625000001 0.6123046875
41 0.4570312500000001 0.5908203125 0.4462890625000001 0.5908203125 0.4462890625000001 0.6123046875 0.4570312500000001 0.6123046875
26 0.4707031250000001 0.5908203125 0.4599609375000001 0.5908203125 0.4599609375000001 0.6123046875 0.4707031250000001 0.6123046875
42 0.4843750000000001 0.5908203125 0.4736328125000001 0.5908203125 0.4736328125000001 0.6123046875 0.4843750000000001 0.6123046875
43 0.4980468750000001 0.5908203125 0.4882812500000001 0.5908203125 0.4882812500000001 0.6123046875 0.4980468750000001 0.6123046875
40 0.5126953125 0.5908203125 0.501953125 0.5908203125 0.501953125 0.6123046875 0.5126953125 0.6123046875
39 0.52734375 0.58984375 0.515625 0.58984375 0.515625 0.6123046875 0.52734375 0.6123046875
19 0.541015625 0.58984375 0.5302734375 0.58984375 0.5302734375 0.6123046875 0.541015625 0.6123046875
36 0.556640625 0.58984375 0.544921875 0.58984375 0.544921875 0.611328125 0.556640625 0.611328125
19 0.5703125 0.58984375 0.5595703125 0.58984375 0.5595703125 0.6123046875 0.5703125 0.6123046875
47 0.5859375 0.5888671875 0.57421875 0.5888671875 0.57421875 0.611328125 0.5859375 0.611328125
41 0.3808593750000001 0.6201171875 0.3701171875000001 0.6201171875 0.3701171875000001 0.640625 0.3808593750000001 0.640625
40 0.3935546875000001 0.6201171875 0.3828125000000001 0.6201171875 0.3828125000000001 0.6416015625 0.3935546875000001 0.6416015625
23 0.4062500000000001 0.6201171875 0.3955078125000001 0.6201171875 0.3955078125000001 0.6416015625 0.4062500000000001 0.6416015625
54 0.4326171875000001 0.6201171875 0.4218750000000001 0.6201171875 0.4218750000000001 0.6416015625 0.4326171875000001 0.6416015625
39 0.4462890625000001 0.6201171875 0.4355468750000001 0.6201171875 0.4355468750000001 0.6416015625 0.4462890625000001 0.6416015625
19 0.4580078125000001 0.62109375 0.4482421875000001 0.62109375 0.4482421875000001 0.642578125 0.4580078125000001 0.642578125
33 0.4726562500000001 0.62109375 0.4619140625000001 0.62109375 0.4619140625000001 0.6416015625 0.4726562500000001 0.6416015625
40 0.4873046875000001 0.6201171875 0.4755859375000001 0.6201171875 0.4755859375000001 0.6416015625 0.4873046875000001 0.6416015625
37 0.5 0.62109375 0.4902343750000001 0.62109375 0.4902343750000001 0.6416015625 0.5 0.6416015625