19 0.2626953125000001 0.4541015625 0.24902343750000006 0.4541015625 0.24902343750000006 0.48046875 0.2626953125000001 0.48046875
51 0.2773437500000001 0.4541015625 0.2646484375000001 0.4541015625 0.2646484375000001 0.4794921875 0.2773437500000001 0.4794921875
23 0.2929687500000001 0.455078125 0.2792968750000001 0.455078125 0.2792968750000001 0.4794921875 0.2929687500000001 0.4794921875
30 0.3076171875000001 0.455078125 0.2949218750000001 0.455078125 0.2949218750000001 0.4794921875 0.3076171875000001 0.4794921875
46 0.3232421875000001 0.455078125 0.3105468750000001 0.455078125 0.3105468750000001 0.4794921875 0.3232421875000001 0.4794921875
40 0.3369140625000001 0.455078125 0.3251953125000001 0.455078125 0.3251953125000001 0.4814453125 0.3369140625000001 0.4814453125
42 0.3525390625000001 0.455078125 0.3388671875000001 0.455078125 0.3388671875000001 0.48046875 0.3525390625000001 0.48046875
30 0.3671875000000001 0.4560546875 0.3544921875000001 0.4560546875 0.3544921875000001 0.48046875 0.3671875000000001 0.48046875
52 0.3837890625000001 0.4560546875 0.3701171875000001 0.4560546875 0.3701171875000001 0.482421875 0.3837890625000001 0.482421875
23 0.4042968750000001 0.45703125 0.3916015625000001 0.45703125 0.3916015625000001 0.482421875 0.4042968750000001 0.482421875
36 0.4189453125000001 0.4580078125 0.4062500000000001 0.4580078125 0.4062500000000001 0.4814453125 0.4189453125000001 0.4814453125
52 0.4335937500000001 0.4580078125 0.4208984375000001 0.4580078125 0.4208984375000001 0.482421875 0.4335937500000001 0.482421875
43 0.4550781250000001 0.45898437500000006 0.4433593750000001 0.458984375 0.4433593750000001 0.48242187500000006 0.4550781250000001 0.4824218750000001
19 0.4687500000000001 0.4589843750000001 0.4570312500000001 0.4589843750000001 0.4570312500000001 0.4824218750000001 0.4687500000000001 0.4824218750000001
37 0.4833984375000001 0.4589843750000001 0.4707031250000001 0.4589843750000001 0.4707031250000001 0.4833984375000001 0.4833984375000001 0.4833984375000001
40 0.4980468750000001 0.4599609375000001 0.4853515625000001 0.4599609375000001 0.4853515625000001 0.4833984375000001 0.4980468750000001 0.4833984375000001
43 0.5126953125 0.4599609375000001 0.5 0.4599609375000001 0.5 0.4833984375000001 0.5126953125 0.4833984375000001
46 0.5263671875 0.4609375000000001 0.5146484375 0.4609375000000001 0.5146484375 0.4843750000000001 0.5263671875 0.4843750000000001
40 0.541015625 0.4609375000000001 0.5283203125 0.4609375000000001 0.5283203125 0.4843750000000001 0.541015625 0.4843750000000001
52 0.5546875 0.4609375000000001 0.54296875 0.4609375000000001 0.54296875 0.4843750000000001 0.5546875 0.4843750000000001
46 0.5693359375 0.4609375000000001 0.5576171875 0.4609375000000001 0.5576171875 0.4843750000000001 0.5693359375 0.4843750000000001
26 0.5830078125 0.4619140625000001 0.5703125 0.4619140625000001 0.5703125 0.4853515625000001 0.5830078125 0.4853515625000001
36 0.59765625 0.4619140625000001 0.5849609375 0.4619140625000001 0.5849609375 0.4863281250000001 0.59765625 0.4863281250000001
38 0.611328125 0.4619140625000001 0.599609375 0.4619140625000001 0.599609375 0.4863281250000001 0.611328125 0.4863281250000001
39 0.625 0.4619140625000001 0.61328125 0.4619140625000001 0.61328125 0.4863281250000001 0.625 0.4863281250000001
40 0.6396484375 0.4628906250000001 0.626953125 0.4628906250000001 0.626953125 0.4863281250000001 0.6396484375 0.4863281250000001
31 0.654296875 0.4628906250000001 0.6416015625 0.4628906250000001 0.6416015625 0.4863281250000001 0.654296875 0.4863281250000001
42 0.673828125 0.4628906250000001 0.6611328125 0.4628906250000001 0.6611328125 0.4863281250000001 0.673828125 0.4863281250000001
19 0.6865234375 0.4638671875000001 0.67578125 0.4638671875000001 0.67578125 0.4863281250000001 0.6865234375 0.4863281250000001
20 0.7021484375 0.4648437500000001 0.689453125 0.4648437500000001 0.689453125 0.4873046875000001 0.7021484375 0.4873046875000001
40 0.7158203125 0.4638671875000001 0.703125 0.4638671875000001 0.703125 0.4882812500000001 0.7158203125 0.4882812500000001
46 0.7294921875 0.4638671875000001 0.7177734375 0.4638671875000001 0.7177734375 0.4882812500000001 0.7294921875 0.4882812500000001
32 0.7431640625 0.4648437500000001 0.73046875 0.4648437500000001 0.73046875 0.4882812500000001 0.7431640625 0.4882812500000001