40 0.3007812500000001 0.66796875 0.2851562500000001 0.66796875 0.2851562500000001 0.69921875 0.3007812500000001 0.69921875
40 0.3203125000000001 0.6669921875 0.3056640625000001 0.6669921875 0.3056640625000001 0.6982421875 0.3203125000000001 0.6982421875
40 0.3388671875000001 0.6650390625 0.3242187500000001 0.6650390625 0.3242187500000001 0.697265625 0.3388671875000001 0.697265625
34 0.3671875000000001 0.6611328125 0.3525390625000001 0.6611328125 0.3525390625000001 0.693359375 0.3671875000000001 0.693359375
28 0.3867187500000001 0.6611328125 0.3710937500000001 0.6611328125 0.3710937500000001 0.69140625 0.3867187500000001 0.69140625
30 0.4042968750000001 0.6591796875 0.3896484375000001 0.6591796875 0.3896484375000001 0.689453125 0.4042968750000001 0.689453125
23 0.4238281250000001 0.6572265625 0.4091796875000001 0.6572265625 0.4091796875000001 0.6875 0.4238281250000001 0.6875
24 0.4531250000000001 0.6552734375 0.4375000000000001 0.6552734375 0.4375000000000001 0.685546875 0.4531250000000001 0.685546875
23 0.4794921875000001 0.65234375 0.4648437500000001 0.65234375 0.4648437500000001 0.6826171875 0.4794921875000001 0.6826171875
26 0.4980468750000001 0.65234375 0.4833984375000001 0.65234375 0.4833984375000001 0.6806640625 0.4980468750000001 0.6806640625
44 0.5185546875 0.6494140625 0.5029296875 0.6494140625 0.5029296875 0.6796875 0.5185546875 0.6796875
53 0.537109375 0.6484375 0.521484375 0.6484375 0.521484375 0.677734375 0.537109375 0.677734375
49 0.5576171875 0.646484375 0.541015625 0.646484375 0.541015625 0.6767578125 0.5576171875 0.6767578125
19 0.57421875 0.6455078125 0.5595703125 0.6455078125 0.5595703125 0.6748046875 0.57421875 0.6748046875
52 0.595703125 0.6435546875 0.5791015625 0.6435546875 0.5791015625 0.6748046875 0.595703125 0.6748046875
19 0.6220703125 0.6416015625 0.607421875 0.6416015625 0.607421875 0.6708984375 0.6220703125 0.6708984375
41 0.6416015625 0.6396484375 0.6259765625 0.6396484375 0.6259765625 0.6728515625 0.6416015625 0.6728515625
46 0.6611328125 0.638671875 0.6474609375 0.638671875 0.6474609375 0.669921875 0.6611328125 0.669921875
26 0.681640625 0.6376953125 0.666015625 0.6376953125 0.666015625 0.6689453125 0.681640625 0.6689453125
33 0.701171875 0.63671875 0.685546875 0.63671875 0.685546875 0.66796875 0.701171875 0.66796875
19 0.720703125 0.6357421875 0.705078125 0.6357421875 0.705078125 0.666015625 0.720703125 0.666015625
35 0.7421875 0.6328125 0.7275390625 0.6328125 0.7275390625 0.6650390625 0.7421875 0.6650390625
19 0.3779296875000001 0.7041015625 0.3632812500000001 0.7041015625 0.3632812500000001 0.734375 0.3779296875000001 0.734375
41 0.3964843750000001 0.7021484375 0.3818359375000001 0.7021484375 0.3818359375000001 0.7333984375 0.3964843750000001 0.7333984375
46 0.4160156250000001 0.7001953125 0.4013671875000001 0.7001953125 0.4013671875000001 0.732421875 0.4160156250000001 0.732421875
26 0.4345703125000001 0.6982421875 0.4208984375000001 0.6982421875 0.4208984375000001 0.7275390625 0.4345703125000001 0.7275390625
22 0.4541015625000001 0.697265625 0.4394531250000001 0.697265625 0.4394531250000001 0.7275390625 0.4541015625000001 0.7275390625
39 0.4736328125000001 0.6953125 0.4580078125000001 0.6953125 0.4580078125000001 0.7255859375 0.4736328125000001 0.7255859375
32 0.4931640625000001 0.693359375 0.4775390625000001 0.693359375 0.4775390625000001 0.7255859375 0.4931640625000001 0.7255859375
31 0.5126953125 0.693359375 0.4970703125000001 0.693359375 0.4970703125000001 0.7236328125 0.5126953125 0.7236328125
41 0.5380859375 0.69140625 0.5244140625 0.69140625 0.5244140625 0.7216796875 0.5380859375 0.7216796875
51 0.5595703125 0.6884765625 0.5439453125 0.6884765625 0.5439453125 0.720703125 0.5595703125 0.720703125
39 0.578125 0.6875 0.5625 0.6875 0.5625 0.71875 0.578125 0.71875
33 0.59765625 0.685546875 0.58203125 0.685546875 0.58203125 0.7177734375 0.59765625 0.7177734375
46 0.6162109375 0.685546875 0.6015625 0.685546875 0.6015625 0.716796875 0.6162109375 0.716796875
42 0.2910156250000001 0.7548828125 0.2744140625000001 0.7548828125 0.2744140625000001 0.78515625 0.2910156250000001 0.78515625
26 0.3105468750000001 0.7529296875 0.2949218750000001 0.7529296875 0.2949218750000001 0.7861328125 0.3105468750000001 0.7861328125
29 0.3291015625000001 0.7509765625 0.3144531250000001 0.7509765625 0.3144531250000001 0.7822265625 0.3291015625000001 0.7822265625
30 0.3476562500000001 0.7490234375 0.3339843750000001 0.7490234375 0.3339843750000001 0.78125 0.3476562500000001 0.78125
37 0.3681640625000001 0.748046875 0.3525390625000001 0.748046875 0.3525390625000001 0.779296875 0.3681640625000001 0.779296875
42 0.3955078125000001 0.74609375 0.3798828125000001 0.74609375 0.3798828125000001 0.7783203125 0.3955078125000001 0.7783203125
19 0.4150390625000001 0.744140625 0.3994140625000001 0.744140625 0.3994140625000001 0.775390625 0.4150390625000001 0.775390625
20 0.4335937500000001 0.7421875 0.4179687500000001 0.7421875 0.4179687500000001 0.7734375 0.4335937500000001 0.7734375
40 0.4521484375000001 0.7412109375 0.4365234375000001 0.7412109375 0.4365234375000001 0.771484375 0.4521484375000001 0.771484375
46 0.4716796875000001 0.7392578125 0.4570312500000001 0.7392578125 0.4570312500000001 0.76953125 0.4716796875000001 0.76953125
32 0.4912109375000001 0.7373046875 0.4755859375000001 0.7373046875 0.4755859375000001 0.767578125 0.4912109375000001 0.767578125
43 0.517578125 0.7353515625 0.5029296875 0.7353515625 0.5029296875 0.7666015625 0.517578125 0.7666015625
47 0.5654296875 0.7314453125 0.55078125 0.7314453125 0.55078125 0.7626953125 0.5654296875 0.7626953125
23 0.6328125 0.7275390625 0.6171875 0.7275390625 0.6171875 0.7578125 0.6328125 0.7578125
40 0.65234375 0.7255859375 0.63671875 0.7255859375 0.63671875 0.7578125 0.65234375 0.7578125
47 0.720703125 0.7216796875 0.7060546875 0.7216796875 0.7060546875 0.7529296875 0.720703125 0.7529296875
20 0.3310546875000001 0.794921875 0.3164062500000001 0.794921875 0.3164062500000001 0.82421875 0.3310546875000001 0.82421875
26 0.3496093750000001 0.7939453125 0.3349609375000001 0.7939453125 0.3349609375000001 0.8232421875 0.3496093750000001 0.8232421875
54 0.3691406250000001 0.791015625 0.3544921875000001 0.791015625 0.3544921875000001 0.8212890625 0.3691406250000001 0.8212890625
41 0.3964843750000001 0.7880859375 0.3818359375000001 0.7880859375 0.3818359375000001 0.818359375 0.3964843750000001 0.818359375
26 0.4150390625000001 0.7861328125 0.4003906250000001 0.7861328125 0.4003906250000001 0.81640625 0.4150390625000001 0.81640625
42 0.4345703125000001 0.78515625 0.4189453125000001 0.78515625 0.4189453125000001 0.8154296875 0.4345703125000001 0.8154296875
26 0.4541015625000001 0.783203125 0.4384765625000001 0.783203125 0.4384765625000001 0.8134765625 0.4541015625000001 0.8134765625
42 0.4726562500000001 0.7822265625 0.4570312500000001 0.7822265625 0.4570312500000001 0.8125 0.4726562500000001 0.8125
32 0.4931640625000001 0.7802734375 0.4775390625000001 0.7802734375 0.4775390625000001 0.810546875 0.4931640625000001 0.810546875
49 0.5107421875 0.779296875 0.4960937500000001 0.779296875 0.4960937500000001 0.80859375 0.5107421875 0.80859375
19 0.529296875 0.77734375 0.5146484375 0.77734375 0.5146484375 0.806640625 0.529296875 0.806640625
30 0.5576171875 0.775390625 0.5439453125 0.775390625 0.5439453125 0.8046875 0.5576171875 0.8046875
49 0.5869140625 0.7744140625 0.5712890625 0.7744140625 0.5712890625 0.8037109375 0.5869140625 0.8037109375
32 0.6064453125 0.7724609375 0.5908203125 0.7724609375 0.5908203125 0.802734375 0.6064453125 0.802734375
50 0.625 0.771484375 0.6103515625 0.771484375 0.6103515625 0.8017578125 0.625 0.8017578125
40 0.6455078125 0.7705078125 0.62890625 0.7705078125 0.62890625 0.80078125 0.6455078125 0.80078125
23 0.6640625 0.7685546875 0.6494140625 0.7685546875 0.6494140625 0.798828125 0.6640625 0.798828125
39 0.6845703125 0.767578125 0.6689453125 0.767578125 0.6689453125 0.7978515625 0.6845703125 0.7978515625
32 0.705078125 0.7666015625 0.689453125 0.7666015625 0.689453125 0.7978515625 0.705078125 0.7978515625
50 0.7236328125 0.765625 0.7080078125 0.765625 0.7080078125 0.796875 0.7236328125 0.796875