49 0.4150390625000001 0.6357421875 0.4023437500000001 0.6357421875 0.4023437500000001 0.6591796875 0.4150390625000001 0.6591796875
32 0.4316406250000001 0.6357421875 0.4199218750000001 0.6357421875 0.4199218750000001 0.658203125 0.4316406250000001 0.658203125
54 0.4482421875000001 0.634765625 0.4355468750000001 0.634765625 0.4355468750000001 0.6572265625 0.4482421875000001 0.6572265625
40 0.4648437500000001 0.634765625 0.4521484375000001 0.634765625 0.4521484375000001 0.65625 0.4648437500000001 0.65625
49 0.4804687500000001 0.6328125 0.4687500000000001 0.6328125 0.4687500000000001 0.6552734375 0.4804687500000001 0.6552734375
41 0.5126953125 0.6298828125 0.5009765625 0.6298828125 0.5009765625 0.65234375 0.5126953125 0.65234375
26 0.5283203125 0.6298828125 0.5166015625 0.6298828125 0.5166015625 0.65234375 0.5283203125 0.65234375
42 0.5439453125 0.6279296875 0.5322265625 0.6279296875 0.5322265625 0.650390625 0.5439453125 0.650390625
43 0.5595703125 0.6259765625 0.5478515625 0.6259765625 0.5478515625 0.6474609375 0.5595703125 0.6474609375
40 0.57421875 0.625 0.5625 0.625 0.5625 0.646484375 0.57421875 0.646484375
39 0.58984375 0.6240234375 0.578125 0.6240234375 0.578125 0.6455078125 0.58984375 0.6455078125
19 0.6044921875 0.6220703125 0.5927734375 0.6220703125 0.5927734375 0.64453125 0.6044921875 0.64453125
36 0.6201171875 0.62109375 0.6083984375 0.62109375 0.6083984375 0.642578125 0.6201171875 0.642578125
19 0.6337890625 0.6201171875 0.623046875 0.6201171875 0.623046875 0.640625 0.6337890625 0.640625
47 0.6484375 0.6181640625 0.6376953125 0.6181640625 0.6376953125 0.638671875 0.6484375 0.638671875
41 0.4150390625000001 0.66796875 0.4023437500000001 0.66796875 0.4023437500000001 0.69140625 0.4150390625000001 0.69140625
40 0.4316406250000001 0.6669921875 0.4199218750000001 0.6669921875 0.4199218750000001 0.689453125 0.4316406250000001 0.689453125
23 0.4472656250000001 0.666015625 0.4355468750000001 0.666015625 0.4355468750000001 0.6884765625 0.4472656250000001 0.6884765625
54 0.4794921875000001 0.6640625 0.4677734375000001 0.6640625 0.4677734375000001 0.685546875 0.4794921875000001 0.685546875
39 0.4960937500000001 0.662109375 0.4843750000000001 0.662109375 0.4843750000000001 0.68359375 0.4960937500000001 0.68359375
19 0.51171875 0.6611328125 0.5 0.6611328125 0.5 0.681640625 0.51171875 0.681640625
33 0.52734375 0.66015625 0.515625 0.66015625 0.515625 0.6806640625 0.52734375 0.6806640625
40 0.5419921875 0.658203125 0.5302734375 0.658203125 0.5302734375 0.6796875 0.5419921875 0.6796875
37 0.5576171875 0.65625 0.5458984375 0.65625 0.5458984375 0.677734375 0.5576171875 0.677734375