49 0.4003906250000001 0.546875 0.3896484375000001 0.546875 0.3896484375000001 0.5693359375 0.4003906250000001 0.5693359375
32 0.4150390625000001 0.5478515625 0.4042968750000001 0.5478515625 0.4042968750000001 0.5703125 0.4150390625000001 0.5703125
54 0.4296875000000001 0.5478515625 0.4179687500000001 0.5478515625 0.4179687500000001 0.5703125 0.4296875000000001 0.5703125
40 0.4443359375000001 0.548828125 0.4326171875000001 0.548828125 0.4326171875000001 0.5712890625 0.4443359375000001 0.5712890625
49 0.4580078125000001 0.548828125 0.4472656250000001 0.548828125 0.4472656250000001 0.5712890625 0.4580078125000001 0.5712890625
41 0.4873046875000001 0.5498046875 0.4765625000000001 0.5498046875 0.4765625000000001 0.572265625 0.4873046875000001 0.572265625
26 0.501953125 0.5498046875 0.4912109375000001 0.5498046875 0.4912109375000001 0.57421875 0.501953125 0.57421875
42 0.5166015625 0.55078125 0.5048828125 0.55078125 0.5048828125 0.5732421875 0.5166015625 0.5732421875
43 0.53125 0.55078125 0.51953125 0.55078125 0.51953125 0.5732421875 0.53125 0.5732421875
40 0.5458984375 0.5517578125 0.53515625 0.5517578125 0.53515625 0.5732421875 0.5458984375 0.5732421875
39 0.560546875 0.5517578125 0.5498046875 0.5517578125 0.5498046875 0.5732421875 0.560546875 0.5732421875
19 0.5751953125 0.5517578125 0.564453125 0.5517578125 0.564453125 0.57421875 0.5751953125 0.57421875
36 0.58984375 0.552734375 0.578125 0.552734375 0.578125 0.5751953125 0.58984375 0.5751953125
19 0.6044921875 0.552734375 0.59375 0.552734375 0.59375 0.5751953125 0.6044921875 0.5751953125
47 0.619140625 0.552734375 0.6083984375 0.552734375 0.6083984375 0.57421875 0.619140625 0.57421875
41 0.4003906250000001 0.578125 0.3896484375000001 0.578125 0.3896484375000001 0.6005859375 0.4003906250000001 0.6005859375
40 0.4150390625000001 0.578125 0.4042968750000001 0.578125 0.4042968750000001 0.6005859375 0.4150390625000001 0.6005859375
23 0.4296875000000001 0.5791015625 0.4189453125000001 0.5791015625 0.4189453125000001 0.6015625 0.4296875000000001 0.6015625
54 0.4580078125000001 0.580078125 0.4472656250000001 0.580078125 0.4472656250000001 0.6015625 0.4580078125000001 0.6015625
39 0.4726562500000001 0.580078125 0.4619140625000001 0.580078125 0.4619140625000001 0.6025390625 0.4726562500000001 0.6025390625
19 0.4873046875000001 0.5810546875 0.4765625000000001 0.5810546875 0.4765625000000001 0.6025390625 0.4873046875000001 0.6025390625
33 0.501953125 0.5810546875 0.4912109375000001 0.5810546875 0.4912109375000001 0.6025390625 0.501953125 0.6025390625
40 0.5166015625 0.58203125 0.505859375 0.58203125 0.505859375 0.603515625 0.5166015625 0.603515625
37 0.53125 0.58203125 0.5205078125 0.58203125 0.5205078125 0.603515625 0.53125 0.603515625