51 0.3164062500000001 0.734375 0.3056640625000001 0.734375 0.3056640625000001 0.755859375 0.3164062500000001 0.755859375
22 0.3300781250000001 0.734375 0.3193359375000001 0.734375 0.3193359375000001 0.7568359375 0.3300781250000001 0.7568359375
26 0.3437500000000001 0.7353515625 0.3320312500000001 0.7353515625 0.3320312500000001 0.755859375 0.3437500000000001 0.755859375
20 0.3583984375000001 0.7373046875 0.3466796875000001 0.7373046875 0.3466796875000001 0.7578125 0.3583984375000001 0.7578125
39 0.3710937500000001 0.736328125 0.3593750000000001 0.736328125 0.3593750000000001 0.7568359375 0.3710937500000001 0.7568359375
19 0.3837890625000001 0.736328125 0.3730468750000001 0.736328125 0.3730468750000001 0.7568359375 0.3837890625000001 0.7568359375
52 0.3984375000000001 0.7373046875 0.3867187500000001 0.7373046875 0.3867187500000001 0.759765625 0.3984375000000001 0.759765625
19 0.4179687500000001 0.73828125 0.4072265625000001 0.73828125 0.4072265625000001 0.7607421875 0.4179687500000001 0.7607421875
51 0.4326171875000001 0.73828125 0.4199218750000001 0.73828125 0.4199218750000001 0.7607421875 0.4326171875000001 0.7607421875
23 0.4453125000000001 0.73828125 0.4335937500000001 0.73828125 0.4335937500000001 0.76171875 0.4453125000000001 0.76171875
30 0.4599609375000001 0.7392578125 0.4482421875000001 0.7392578125 0.4482421875000001 0.76171875 0.4599609375000001 0.76171875
46 0.4726562500000001 0.740234375 0.4619140625000001 0.740234375 0.4619140625000001 0.7626953125 0.4726562500000001 0.7626953125
40 0.4863281250000001 0.740234375 0.4746093750000001 0.740234375 0.4746093750000001 0.7626953125 0.4863281250000001 0.7626953125
42 0.5 0.7412109375 0.4882812500000001 0.7412109375 0.4882812500000001 0.763671875 0.5 0.763671875
30 0.513671875 0.7412109375 0.5029296875 0.7412109375 0.5029296875 0.7626953125 0.513671875 0.7626953125
52 0.5283203125 0.7412109375 0.515625 0.7412109375 0.515625 0.7646484375 0.5283203125 0.7646484375
23 0.5478515625 0.7421875 0.5361328125 0.7421875 0.5361328125 0.7646484375 0.5478515625 0.7646484375
36 0.5615234375 0.744140625 0.5498046875 0.744140625 0.5498046875 0.765625 0.5615234375 0.765625
52 0.5751953125 0.7431640625 0.5634765625 0.7431640625 0.5634765625 0.7666015625 0.5751953125 0.7666015625
41 0.595703125 0.744140625 0.583984375 0.744140625 0.583984375 0.7666015625 0.595703125 0.7666015625
42 0.6083984375 0.744140625 0.5966796875 0.744140625 0.5966796875 0.767578125 0.6083984375 0.767578125
40 0.6220703125 0.7451171875 0.6103515625 0.7451171875 0.6103515625 0.767578125 0.6220703125 0.767578125
49 0.6357421875 0.74609375 0.625 0.74609375 0.625 0.7685546875 0.6357421875 0.7685546875
26 0.6494140625 0.74609375 0.638671875 0.74609375 0.638671875 0.7685546875 0.6494140625 0.7685546875
23 0.6640625 0.7470703125 0.65234375 0.7470703125 0.65234375 0.76953125 0.6640625 0.76953125
26 0.677734375 0.7470703125 0.666015625 0.7470703125 0.666015625 0.7705078125 0.677734375 0.7705078125
39 0.6904296875 0.7470703125 0.6796875 0.7470703125 0.6796875 0.76953125 0.6904296875 0.76953125
30 0.705078125 0.748046875 0.693359375 0.748046875 0.693359375 0.7705078125 0.705078125 0.7705078125
52 0.7177734375 0.748046875 0.70703125 0.748046875 0.70703125 0.771484375 0.7177734375 0.771484375
36 0.3417968750000001 0.7646484375 0.3291015625000001 0.7646484375 0.3291015625000001 0.7861328125 0.3417968750000001 0.7861328125
19 0.3535156250000001 0.7646484375 0.3417968750000001 0.7646484375 0.3417968750000001 0.7861328125 0.3535156250000001 0.7861328125
20 0.3671875000000001 0.7646484375 0.3554687500000001 0.7646484375 0.3554687500000001 0.787109375 0.3671875000000001 0.787109375
40 0.3808593750000001 0.7666015625 0.3691406250000001 0.7666015625 0.3691406250000001 0.7880859375 0.3808593750000001 0.7880859375
42 0.3945312500000001 0.7666015625 0.3828125000000001 0.7666015625 0.3828125000000001 0.7890625 0.3945312500000001 0.7890625
19 0.4082031250000001 0.7666015625 0.3964843750000001 0.7666015625 0.3964843750000001 0.7880859375 0.4082031250000001 0.7880859375
46 0.4218750000000001 0.767578125 0.4101562500000001 0.767578125 0.4101562500000001 0.7890625 0.4218750000000001 0.7890625
40 0.4355468750000001 0.767578125 0.4238281250000001 0.767578125 0.4238281250000001 0.7900390625 0.4355468750000001 0.7900390625
42 0.4492187500000001 0.7685546875 0.4375000000000001 0.7685546875 0.4375000000000001 0.7900390625 0.4492187500000001 0.7900390625
39 0.4628906250000001 0.7685546875 0.4501953125000001 0.7685546875 0.4501953125000001 0.791015625 0.4628906250000001 0.791015625
32 0.4765625000000001 0.7705078125 0.4648437500000001 0.7705078125 0.4648437500000001 0.7919921875 0.4765625000000001 0.7919921875
50 0.4902343750000001 0.7705078125 0.4785156250000001 0.7705078125 0.4785156250000001 0.791015625 0.4902343750000001 0.791015625
55 0.5029296875 0.771484375 0.4912109375000001 0.771484375 0.4912109375000001 0.7919921875 0.5029296875 0.7919921875
41 0.5234375 0.771484375 0.51171875 0.771484375 0.51171875 0.79296875 0.5234375 0.79296875
42 0.537109375 0.771484375 0.525390625 0.771484375 0.525390625 0.7939453125 0.537109375 0.7939453125
19 0.5498046875 0.771484375 0.5390625 0.771484375 0.5390625 0.79296875 0.5498046875 0.79296875
33 0.564453125 0.7724609375 0.552734375 0.7724609375 0.552734375 0.794921875 0.564453125 0.794921875
46 0.578125 0.7734375 0.56640625 0.7734375 0.56640625 0.794921875 0.578125 0.794921875
30 0.591796875 0.7734375 0.580078125 0.7734375 0.580078125 0.794921875 0.591796875 0.794921875
22 0.60546875 0.7734375 0.59375 0.7734375 0.59375 0.7958984375 0.60546875 0.7958984375
26 0.6181640625 0.7744140625 0.607421875 0.7744140625 0.607421875 0.7958984375 0.6181640625 0.7958984375
43 0.6318359375 0.775390625 0.62109375 0.775390625 0.62109375 0.796875 0.6318359375 0.796875
33 0.646484375 0.775390625 0.634765625 0.775390625 0.634765625 0.796875 0.646484375 0.796875
30 0.66015625 0.775390625 0.6484375 0.775390625 0.6484375 0.796875 0.66015625 0.796875
50 0.6728515625 0.7763671875 0.662109375 0.7763671875 0.662109375 0.798828125 0.6728515625 0.798828125
30 0.693359375 0.7763671875 0.681640625 0.7763671875 0.681640625 0.798828125 0.693359375 0.798828125
36 0.4052734375000001 0.7958984375 0.3925781250000001 0.7958984375 0.3925781250000001 0.818359375 0.4052734375000001 0.818359375
26 0.4179687500000001 0.796875 0.4062500000000001 0.796875 0.4062500000000001 0.818359375 0.4179687500000001 0.818359375
33 0.4316406250000001 0.796875 0.4199218750000001 0.796875 0.4199218750000001 0.8193359375 0.4316406250000001 0.8193359375
21 0.4453125000000001 0.7978515625 0.4326171875000001 0.7978515625 0.4326171875000001 0.818359375 0.4453125000000001 0.818359375
30 0.4589843750000001 0.7978515625 0.4472656250000001 0.7978515625 0.4472656250000001 0.8193359375 0.4589843750000001 0.8193359375
40 0.4716796875000001 0.7978515625 0.4609375000000001 0.7978515625 0.4609375000000001 0.8203125 0.4716796875000001 0.8203125
39 0.4853515625000001 0.798828125 0.4736328125000001 0.798828125 0.4736328125000001 0.8212890625 0.4853515625000001 0.8212890625
39 0.4990234375000001 0.7998046875 0.4873046875000001 0.7998046875 0.4873046875000001 0.822265625 0.4990234375000001 0.822265625
32 0.513671875 0.7998046875 0.5009765625 0.7998046875 0.5009765625 0.822265625 0.513671875 0.822265625
50 0.5263671875 0.80078125 0.5146484375 0.80078125 0.5146484375 0.8232421875 0.5263671875 0.8232421875
54 0.546875 0.8017578125 0.53515625 0.8017578125 0.53515625 0.82421875 0.546875 0.82421875
19 0.5595703125 0.8017578125 0.548828125 0.8017578125 0.548828125 0.822265625 0.5595703125 0.822265625
39 0.5732421875 0.802734375 0.5615234375 0.802734375 0.5615234375 0.82421875 0.5732421875 0.82421875
52 0.5869140625 0.802734375 0.5751953125 0.802734375 0.5751953125 0.8251953125 0.5869140625 0.8251953125
46 0.6005859375 0.802734375 0.5888671875 0.802734375 0.5888671875 0.8251953125 0.6005859375 0.8251953125
30 0.6142578125 0.8037109375 0.6025390625 0.8037109375 0.6025390625 0.82421875 0.6142578125 0.82421875
31 0.62890625 0.802734375 0.6162109375 0.802734375 0.6162109375 0.826171875 0.62890625 0.826171875