40 0.20898437500000006 0.513671875 0.19824218750000006 0.513671875 0.19824218750000006 0.541015625 0.20898437500000006 0.541015625
40 0.22363281250000006 0.5107421875 0.21289062500000006 0.5107421875 0.21289062500000006 0.5390625 0.22363281250000006 0.5390625
40 0.23730468750000006 0.5087890625 0.22558593750000006 0.5087890625 0.22558593750000006 0.537109375 0.23730468750000006 0.537109375
34 0.2587890625000001 0.505859375 0.24707031250000006 0.505859375 0.24707031250000006 0.533203125 0.2587890625000001 0.533203125
28 0.2734375000000001 0.501953125 0.2617187500000001 0.501953125 0.2617187500000001 0.5302734375 0.2734375000000001 0.5302734375
30 0.2890625000000001 0.4990234375 0.2773437500000001 0.4990234375 0.2773437500000001 0.5283203125 0.2890625000000001 0.5283203125
23 0.3037109375000001 0.49609375 0.2919921875000001 0.49609375 0.2919921875000001 0.5234375 0.3037109375000001 0.5234375
24 0.3271484375000001 0.494140625 0.3154296875000001 0.494140625 0.3154296875000001 0.5224609375 0.3271484375000001 0.5224609375
23 0.3505859375000001 0.4873046875 0.3388671875000001 0.4873046875 0.3388671875000001 0.5166015625 0.3505859375000001 0.5166015625
26 0.3681640625000001 0.486328125 0.3554687500000001 0.486328125 0.3554687500000001 0.515625 0.3681640625000001 0.515625
44 0.3857421875000001 0.482421875 0.3710937500000001 0.482421875 0.3710937500000001 0.5126953125 0.3857421875000001 0.5126953125
53 0.4023437500000001 0.478515625 0.3886718750000001 0.478515625 0.3886718750000001 0.509765625 0.4023437500000001 0.509765625
49 0.4199218750000001 0.474609375 0.4062500000000001 0.474609375 0.4062500000000001 0.5068359375 0.4199218750000001 0.5068359375
19 0.4355468750000001 0.47265625 0.4228515625000001 0.47265625 0.4228515625000001 0.5029296875 0.4355468750000001 0.5029296875
52 0.4560546875000001 0.46875000000000006 0.4404296875000001 0.46875 0.4404296875000001 0.501953125 0.4560546875000001 0.501953125
19 0.4824218750000001 0.4648437500000001 0.4687500000000001 0.4648437500000001 0.4687500000000001 0.4941406250000001 0.4824218750000001 0.4941406250000001
41 0.501953125 0.4589843750000001 0.4873046875000001 0.4589843750000001 0.4873046875000001 0.4941406250000001 0.501953125 0.4941406250000001
46 0.5224609375 0.4560546875000001 0.5078125 0.4560546875000001 0.5078125 0.4902343750000001 0.5224609375 0.4902343750000001
26 0.54296875 0.4531250000000001 0.52734375 0.4531250000000001 0.52734375 0.4882812500000001 0.54296875 0.4882812500000001
33 0.564453125 0.4492187500000001 0.548828125 0.4492187500000001 0.548828125 0.4843750000000001 0.564453125 0.4843750000000001
19 0.5849609375 0.4462890625000001 0.568359375 0.4462890625000001 0.568359375 0.4814453125000001 0.5849609375 0.4814453125000001
35 0.609375 0.4423828125000001 0.5927734375 0.4423828125000001 0.5927734375 0.4765625000000001 0.609375 0.4765625000000001
46 0.4765625000000001 0.51171875 0.4619140625000001 0.51171875 0.4619140625000001 0.5458984375 0.4765625000000001 0.5458984375
33 0.4580078125000001 0.515625 0.4433593750000001 0.515625 0.4433593750000001 0.5498046875 0.4580078125000001 0.5498046875
39 0.4394531250000001 0.517578125 0.4248046875000001 0.517578125 0.4248046875000001 0.55078125 0.4394531250000001 0.55078125
51 0.4208984375000001 0.521484375 0.4072265625000001 0.521484375 0.4072265625000001 0.5537109375 0.4208984375000001 0.5537109375
41 0.4023437500000001 0.5234375 0.3896484375000001 0.5234375 0.3896484375000001 0.556640625 0.4023437500000001 0.556640625
19 0.2656250000000001 0.544921875 0.2539062500000001 0.544921875 0.2539062500000001 0.5712890625 0.2656250000000001 0.5712890625
41 0.2802734375000001 0.5419921875 0.2685546875000001 0.5419921875 0.2685546875000001 0.572265625 0.2802734375000001 0.572265625
46 0.2958984375000001 0.5400390625 0.2841796875000001 0.5400390625 0.2841796875000001 0.5712890625 0.2958984375000001 0.5712890625
26 0.3115234375000001 0.5361328125 0.3007812500000001 0.5361328125 0.3007812500000001 0.5673828125 0.3115234375000001 0.5673828125
22 0.3281250000000001 0.5341796875 0.3144531250000001 0.5341796875 0.3144531250000001 0.5654296875 0.3281250000000001 0.5654296875
39 0.3437500000000001 0.5322265625 0.3310546875000001 0.5322265625 0.3310546875000001 0.5634765625 0.3437500000000001 0.5634765625
32 0.3613281250000001 0.529296875 0.3476562500000001 0.529296875 0.3476562500000001 0.5615234375 0.3613281250000001 0.5615234375
31 0.3779296875000001 0.529296875 0.3642578125000001 0.529296875 0.3642578125000001 0.5595703125 0.3779296875000001 0.5595703125
42 0.19726562500000006 0.595703125 0.18554687500000006 0.595703125 0.18554687500000006 0.625 0.19726562500000006 0.625
26 0.21093750000000006 0.59375 0.20019531250000006 0.59375 0.20019531250000006 0.623046875 0.21093750000000006 0.623046875
29 0.22558593750000006 0.591796875 0.21386718750000006 0.591796875 0.21386718750000006 0.6201171875 0.22558593750000006 0.6201171875
30 0.23925781250000006 0.58984375 0.22851562500000006 0.58984375 0.22851562500000006 0.6201171875 0.23925781250000006 0.6201171875
37 0.2548828125000001 0.587890625 0.24316406250000006 0.587890625 0.24316406250000006 0.6181640625 0.2548828125000001 0.6181640625
42 0.2763671875000001 0.5859375 0.2646484375000001 0.5859375 0.2646484375000001 0.6162109375 0.2763671875000001 0.6162109375
19 0.2919921875000001 0.5849609375 0.2802734375000001 0.5849609375 0.2802734375000001 0.61328125 0.2919921875000001 0.61328125
20 0.3085937500000001 0.58203125 0.2958984375000001 0.58203125 0.2958984375000001 0.611328125 0.3085937500000001 0.611328125
40 0.3242187500000001 0.580078125 0.3115234375000001 0.580078125 0.3115234375000001 0.611328125 0.3242187500000001 0.611328125
46 0.3408203125000001 0.5771484375 0.3271484375000001 0.5771484375 0.3271484375000001 0.609375 0.3408203125000001 0.609375
32 0.3574218750000001 0.5751953125 0.3437500000000001 0.5751953125 0.3437500000000001 0.607421875 0.3574218750000001 0.607421875
43 0.3828125000000001 0.5712890625 0.3681640625000001 0.5712890625 0.3681640625000001 0.60546875 0.3828125000000001 0.60546875
47 0.4257812500000001 0.5654296875 0.4121093750000001 0.5654296875 0.4121093750000001 0.6005859375 0.4257812500000001 0.6005859375
23 0.4912109375000001 0.55859375 0.4765625000000001 0.55859375 0.4765625000000001 0.5927734375 0.4912109375000001 0.5927734375
40 0.51171875 0.5556640625 0.4960937500000001 0.5556640625 0.4960937500000001 0.5927734375 0.51171875 0.5927734375
47 0.5849609375 0.544921875 0.568359375 0.544921875 0.568359375 0.583984375 0.5849609375 0.583984375
20 0.22363281250000006 0.6337890625 0.21191406250000006 0.6337890625 0.21191406250000006 0.662109375 0.22363281250000006 0.662109375
26 0.23828125000000006 0.6337890625 0.22753906250000006 0.6337890625 0.22753906250000006 0.662109375 0.23828125000000006 0.662109375
54 0.2529296875000001 0.630859375 0.24121093750000006 0.630859375 0.24121093750000006 0.6611328125 0.2529296875000001 0.6611328125
41 0.2753906250000001 0.62890625 0.2636718750000001 0.62890625 0.2636718750000001 0.66015625 0.2753906250000001 0.66015625
26 0.2910156250000001 0.6279296875 0.2792968750000001 0.6279296875 0.2792968750000001 0.658203125 0.2910156250000001 0.658203125
42 0.3066406250000001 0.6259765625 0.2939453125000001 0.6259765625 0.2939453125000001 0.6572265625 0.3066406250000001 0.6572265625
26 0.3232421875000001 0.625 0.3105468750000001 0.625 0.3105468750000001 0.654296875 0.3232421875000001 0.654296875
42 0.3398437500000001 0.623046875 0.3261718750000001 0.623046875 0.3261718750000001 0.6552734375 0.3398437500000001 0.6552734375
32 0.3574218750000001 0.62109375 0.3427734375000001 0.62109375 0.3427734375000001 0.6533203125 0.3574218750000001 0.6533203125
49 0.3730468750000001 0.619140625 0.3603515625000001 0.619140625 0.3603515625000001 0.65234375 0.3730468750000001 0.65234375
19 0.3906250000000001 0.6181640625 0.3779296875000001 0.6181640625 0.3779296875000001 0.6494140625 0.3906250000000001 0.6494140625
30 0.4169921875000001 0.615234375 0.4033203125000001 0.615234375 0.4033203125000001 0.6484375 0.4169921875000001 0.6484375
49 0.4443359375000001 0.6123046875 0.4296875000000001 0.6123046875 0.4296875000000001 0.646484375 0.4443359375000001 0.646484375
32 0.4638671875000001 0.6103515625 0.4482421875000001 0.6103515625 0.4482421875000001 0.6455078125 0.4638671875000001 0.6455078125
50 0.4833984375000001 0.6103515625 0.4677734375000001 0.6103515625 0.4677734375000001 0.6435546875 0.4833984375000001 0.6435546875
40 0.50390625 0.6083984375 0.4873046875000001 0.6083984375 0.4873046875000001 0.642578125 0.50390625 0.642578125
23 0.5234375 0.60546875 0.5068359375 0.60546875 0.5068359375 0.640625 0.5234375 0.640625
39 0.544921875 0.6044921875 0.52734375 0.6044921875 0.52734375 0.640625 0.544921875 0.640625
32 0.56640625 0.6015625 0.5498046875 0.6015625 0.5498046875 0.6376953125 0.56640625 0.6376953125
50 0.587890625 0.6005859375 0.5703125 0.6005859375 0.5703125 0.63671875 0.587890625 0.63671875