33 0.4375000000000001 0.5302734375 0.4306640625000001 0.5302734375 0.4306640625000001 0.5419921875 0.4375000000000001 0.5419921875
19 0.4443359375000001 0.5302734375 0.4384765625000001 0.5302734375 0.4384765625000001 0.5419921875 0.4443359375000001 0.5419921875
27 0.4511718750000001 0.5302734375 0.4453125000000001 0.5302734375 0.4453125000000001 0.5419921875 0.4511718750000001 0.5419921875
26 0.4580078125000001 0.53125 0.4521484375000001 0.53125 0.4521484375000001 0.54296875 0.4580078125000001 0.54296875
23 0.4648437500000001 0.53125 0.4589843750000001 0.53125 0.4589843750000001 0.54296875 0.4648437500000001 0.54296875
42 0.4707031250000001 0.53125 0.4648437500000001 0.53125 0.4648437500000001 0.54296875 0.4707031250000001 0.54296875
19 0.4775390625000001 0.5302734375 0.4716796875000001 0.5302734375 0.4716796875000001 0.5419921875 0.4775390625000001 0.5419921875
46 0.4873046875000001 0.5302734375 0.4814453125000001 0.5302734375 0.4814453125000001 0.5419921875 0.4873046875000001 0.5419921875
26 0.4931640625000001 0.53125 0.4882812500000001 0.53125 0.4882812500000001 0.54296875 0.4931640625000001 0.54296875
40 0.5 0.53125 0.4941406250000001 0.53125 0.4941406250000001 0.54296875 0.5 0.54296875
42 0.505859375 0.53125 0.5009765625 0.53125 0.5009765625 0.54296875 0.505859375 0.54296875
30 0.5126953125 0.53125 0.5068359375 0.53125 0.5068359375 0.54296875 0.5126953125 0.54296875
30 0.5185546875 0.53125 0.513671875 0.53125 0.513671875 0.54296875 0.5185546875 0.54296875
51 0.5283203125 0.53125 0.5224609375 0.53125 0.5224609375 0.54296875 0.5283203125 0.54296875
41 0.53515625 0.53125 0.529296875 0.53125 0.529296875 0.54296875 0.53515625 0.54296875
42 0.5400390625 0.53125 0.53515625 0.53125 0.53515625 0.54296875 0.5400390625 0.54296875
51 0.5458984375 0.53125 0.541015625 0.53125 0.541015625 0.54296875 0.5458984375 0.54296875
28 0.552734375 0.53125 0.5478515625 0.53125 0.5478515625 0.54296875 0.552734375 0.54296875
40 0.55859375 0.53125 0.5537109375 0.53125 0.5537109375 0.5419921875 0.55859375 0.5419921875
43 0.564453125 0.53125 0.5595703125 0.53125 0.5595703125 0.54296875 0.564453125 0.54296875
46 0.5703125 0.53125 0.5654296875 0.53125 0.5654296875 0.54296875 0.5703125 0.54296875
30 0.576171875 0.53125 0.5712890625 0.53125 0.5712890625 0.54296875 0.576171875 0.54296875