19 0.2753906250000001 0.51171875 0.2656250000000001 0.51171875 0.2656250000000001 0.53125 0.2753906250000001 0.53125
51 0.2861328125000001 0.5107421875 0.2763671875000001 0.5107421875 0.2763671875000001 0.53125 0.2861328125000001 0.53125
23 0.2968750000000001 0.5126953125 0.2871093750000001 0.5126953125 0.2871093750000001 0.5322265625 0.2968750000000001 0.5322265625
30 0.3076171875000001 0.5126953125 0.2978515625000001 0.5126953125 0.2978515625000001 0.53125 0.3076171875000001 0.53125
46 0.3183593750000001 0.5126953125 0.3095703125000001 0.5126953125 0.3095703125000001 0.5322265625 0.3183593750000001 0.5322265625
40 0.3291015625000001 0.513671875 0.3203125000000001 0.513671875 0.3203125000000001 0.533203125 0.3291015625000001 0.533203125
42 0.3398437500000001 0.513671875 0.3310546875000001 0.513671875 0.3310546875000001 0.533203125 0.3398437500000001 0.533203125
30 0.3525390625000001 0.513671875 0.3427734375000001 0.513671875 0.3427734375000001 0.5322265625 0.3525390625000001 0.5322265625
52 0.3632812500000001 0.513671875 0.3535156250000001 0.513671875 0.3535156250000001 0.53515625 0.3632812500000001 0.53515625
23 0.3798828125000001 0.5146484375 0.3701171875000001 0.5146484375 0.3701171875000001 0.5361328125 0.3798828125000001 0.5361328125
36 0.3925781250000001 0.515625 0.3818359375000001 0.515625 0.3818359375000001 0.5361328125 0.3925781250000001 0.5361328125
52 0.4033203125000001 0.515625 0.3935546875000001 0.515625 0.3935546875000001 0.537109375 0.4033203125000001 0.537109375
43 0.4199218750000001 0.5166015625 0.4101562500000001 0.5166015625 0.4101562500000001 0.537109375 0.4199218750000001 0.537109375
19 0.4326171875000001 0.5166015625 0.4228515625000001 0.5166015625 0.4228515625000001 0.537109375 0.4326171875000001 0.537109375
37 0.4443359375000001 0.5166015625 0.4345703125000001 0.5166015625 0.4345703125000001 0.5380859375 0.4443359375000001 0.5380859375
40 0.4560546875000001 0.517578125 0.4462890625000001 0.517578125 0.4462890625000001 0.5380859375 0.4560546875000001 0.5380859375
43 0.4687500000000001 0.5185546875 0.4580078125000001 0.5185546875 0.4580078125000001 0.5400390625 0.4687500000000001 0.5400390625
46 0.4804687500000001 0.51953125 0.4707031250000001 0.51953125 0.4707031250000001 0.5400390625 0.4804687500000001 0.5400390625
40 0.4931640625000001 0.51953125 0.4824218750000001 0.51953125 0.4824218750000001 0.541015625 0.4931640625000001 0.541015625
52 0.505859375 0.5205078125 0.4951171875000001 0.5205078125 0.4951171875000001 0.541015625 0.505859375 0.541015625
46 0.517578125 0.51953125 0.5068359375 0.51953125 0.5068359375 0.5419921875 0.517578125 0.5419921875
26 0.5302734375 0.5205078125 0.51953125 0.5205078125 0.51953125 0.5419921875 0.5302734375 0.5419921875
36 0.5439453125 0.521484375 0.5322265625 0.521484375 0.5322265625 0.54296875 0.5439453125 0.54296875
38 0.5556640625 0.521484375 0.5458984375 0.521484375 0.5458984375 0.5439453125 0.5556640625 0.5439453125
39 0.5693359375 0.521484375 0.5576171875 0.521484375 0.5576171875 0.5439453125 0.5693359375 0.5439453125
40 0.58203125 0.5224609375 0.5712890625 0.5224609375 0.5712890625 0.5439453125 0.58203125 0.5439453125
31 0.595703125 0.5234375 0.583984375 0.5234375 0.583984375 0.5458984375 0.595703125 0.5458984375
42 0.615234375 0.5234375 0.6025390625 0.5234375 0.6025390625 0.5458984375 0.615234375 0.5458984375
19 0.62890625 0.5244140625 0.6171875 0.5244140625 0.6171875 0.5458984375 0.62890625 0.5458984375
20 0.642578125 0.525390625 0.6298828125 0.525390625 0.6298828125 0.5478515625 0.642578125 0.5478515625
40 0.65625 0.525390625 0.6435546875 0.525390625 0.6435546875 0.548828125 0.65625 0.548828125
46 0.6708984375 0.5263671875 0.658203125 0.5263671875 0.658203125 0.5498046875 0.6708984375 0.5498046875
32 0.6845703125 0.52734375 0.6728515625 0.52734375 0.6728515625 0.5498046875 0.6845703125 0.5498046875