40 0.3642578125000001 0.517578125 0.3525390625000001 0.517578125 0.3525390625000001 0.541015625 0.3642578125000001 0.541015625
40 0.3769531250000001 0.517578125 0.3671875000000001 0.517578125 0.3671875000000001 0.541015625 0.3769531250000001 0.541015625
40 0.3916015625000001 0.515625 0.3808593750000001 0.515625 0.3808593750000001 0.5400390625 0.3916015625000001 0.5400390625
34 0.4111328125000001 0.515625 0.4003906250000001 0.515625 0.4003906250000001 0.5390625 0.4111328125000001 0.5390625
28 0.4257812500000001 0.5146484375 0.4160156250000001 0.5146484375 0.4160156250000001 0.5400390625 0.4257812500000001 0.5400390625
30 0.4414062500000001 0.5146484375 0.4296875000000001 0.5146484375 0.4296875000000001 0.541015625 0.4414062500000001 0.541015625
23 0.4550781250000001 0.5146484375 0.4443359375000001 0.5146484375 0.4443359375000001 0.5400390625 0.4550781250000001 0.5400390625
24 0.4765625000000001 0.513671875 0.4658203125000001 0.513671875 0.4658203125000001 0.5390625 0.4765625000000001 0.5390625
23 0.4990234375000001 0.5126953125 0.4882812500000001 0.5126953125 0.4882812500000001 0.5380859375 0.4990234375000001 0.5380859375
26 0.5146484375 0.5126953125 0.50390625 0.5126953125 0.50390625 0.5390625 0.5146484375 0.5390625
44 0.5302734375 0.51171875 0.5185546875 0.51171875 0.5185546875 0.537109375 0.5302734375 0.537109375
53 0.5458984375 0.5107421875 0.53515625 0.5107421875 0.53515625 0.537109375 0.5458984375 0.537109375
49 0.5625 0.509765625 0.55078125 0.509765625 0.55078125 0.5361328125 0.5625 0.5361328125
19 0.580078125 0.5087890625 0.5673828125 0.5087890625 0.5673828125 0.5361328125 0.580078125 0.5361328125
52 0.5966796875 0.5087890625 0.583984375 0.5087890625 0.583984375 0.53515625 0.5966796875 0.53515625
19 0.623046875 0.5078125 0.609375 0.5078125 0.609375 0.5361328125 0.623046875 0.5361328125
41 0.640625 0.505859375 0.626953125 0.505859375 0.626953125 0.53515625 0.640625 0.53515625
46 0.6591796875 0.505859375 0.6455078125 0.505859375 0.6455078125 0.533203125 0.6591796875 0.533203125
26 0.677734375 0.505859375 0.6640625 0.505859375 0.6640625 0.5341796875 0.677734375 0.5341796875
33 0.697265625 0.5048828125 0.6826171875 0.5048828125 0.6826171875 0.5322265625 0.697265625 0.5322265625
19 0.716796875 0.50390625 0.7021484375 0.50390625 0.7021484375 0.5322265625 0.716796875 0.5322265625
35 0.7373046875 0.501953125 0.72265625 0.501953125 0.72265625 0.53125 0.7373046875 0.53125
19 0.4169921875000001 0.5498046875 0.4062500000000001 0.5498046875 0.4062500000000001 0.57421875 0.4169921875000001 0.57421875
41 0.4306640625000001 0.5498046875 0.4189453125000001 0.5498046875 0.4189453125000001 0.57421875 0.4306640625000001 0.57421875
46 0.4453125000000001 0.5498046875 0.4335937500000001 0.5498046875 0.4335937500000001 0.5751953125 0.4453125000000001 0.5751953125
26 0.4589843750000001 0.548828125 0.4501953125000001 0.548828125 0.4501953125000001 0.57421875 0.4589843750000001 0.57421875
22 0.4755859375000001 0.548828125 0.4628906250000001 0.548828125 0.4628906250000001 0.5732421875 0.4755859375000001 0.5732421875
39 0.4902343750000001 0.548828125 0.4785156250000001 0.548828125 0.4785156250000001 0.57421875 0.4902343750000001 0.57421875
32 0.505859375 0.5478515625 0.4941406250000001 0.5478515625 0.4941406250000001 0.5751953125 0.505859375 0.5751953125
31 0.521484375 0.548828125 0.5087890625 0.548828125 0.5087890625 0.57421875 0.521484375 0.57421875
41 0.544921875 0.5478515625 0.5322265625 0.5478515625 0.5322265625 0.57421875 0.544921875 0.57421875
51 0.560546875 0.5478515625 0.548828125 0.5478515625 0.548828125 0.5751953125 0.560546875 0.5751953125
39 0.5791015625 0.546875 0.56640625 0.546875 0.56640625 0.57421875 0.5791015625 0.57421875
33 0.5966796875 0.5458984375 0.5830078125 0.5458984375 0.5830078125 0.57421875 0.5966796875 0.57421875
46 0.61328125 0.546875 0.6005859375 0.546875 0.6005859375 0.57421875 0.61328125 0.57421875
42 0.3476562500000001 0.5859375 0.3359375000000001 0.5859375 0.3359375000000001 0.609375 0.3476562500000001 0.609375
26 0.3613281250000001 0.5859375 0.3515625000000001 0.5859375 0.3515625000000001 0.6103515625 0.3613281250000001 0.6103515625
29 0.3759765625000001 0.5859375 0.3652343750000001 0.5859375 0.3652343750000001 0.6103515625 0.3759765625000001 0.6103515625
30 0.3896484375000001 0.5859375 0.3779296875000001 0.5859375 0.3779296875000001 0.609375 0.3896484375000001 0.609375
37 0.4033203125000001 0.5859375 0.3916015625000001 0.5859375 0.3916015625000001 0.6103515625 0.4033203125000001 0.6103515625
42 0.4238281250000001 0.5859375 0.4121093750000001 0.5859375 0.4121093750000001 0.611328125 0.4238281250000001 0.611328125
19 0.4394531250000001 0.5859375 0.4277343750000001 0.5859375 0.4277343750000001 0.6103515625 0.4394531250000001 0.6103515625
20 0.4541015625000001 0.5859375 0.4423828125000001 0.5859375 0.4423828125000001 0.6103515625 0.4541015625000001 0.6103515625
40 0.4687500000000001 0.5859375 0.4570312500000001 0.5859375 0.4570312500000001 0.6123046875 0.4687500000000001 0.6123046875
46 0.4843750000000001 0.5859375 0.4716796875000001 0.5859375 0.4716796875000001 0.611328125 0.4843750000000001 0.611328125
32 0.5 0.5859375 0.4873046875000001 0.5859375 0.4873046875000001 0.6123046875 0.5 0.6123046875
43 0.5234375 0.5859375 0.5107421875 0.5859375 0.5107421875 0.6123046875 0.5234375 0.6123046875
47 0.5634765625 0.5869140625 0.5517578125 0.5869140625 0.5517578125 0.615234375 0.5634765625 0.615234375
23 0.625 0.5869140625 0.6123046875 0.5869140625 0.6123046875 0.6162109375 0.625 0.6162109375
40 0.6435546875 0.5859375 0.62890625 0.5859375 0.62890625 0.6162109375 0.6435546875 0.6162109375
47 0.7109375 0.5869140625 0.6962890625 0.5869140625 0.6962890625 0.6171875 0.7109375 0.6171875
20 0.3710937500000001 0.62109375 0.3593750000000001 0.62109375 0.3593750000000001 0.6455078125 0.3710937500000001 0.6455078125
26 0.3847656250000001 0.62109375 0.3750000000000001 0.62109375 0.3750000000000001 0.646484375 0.3847656250000001 0.646484375
54 0.3994140625000001 0.62109375 0.3876953125000001 0.62109375 0.3876953125000001 0.6474609375 0.3994140625000001 0.6474609375
41 0.4208984375000001 0.623046875 0.4091796875000001 0.623046875 0.4091796875000001 0.6484375 0.4208984375000001 0.6484375
26 0.4355468750000001 0.623046875 0.4248046875000001 0.623046875 0.4248046875000001 0.6484375 0.4355468750000001 0.6484375
42 0.4501953125000001 0.623046875 0.4384765625000001 0.623046875 0.4384765625000001 0.6484375 0.4501953125000001 0.6484375
26 0.4658203125000001 0.6240234375 0.4550781250000001 0.6240234375 0.4550781250000001 0.6494140625 0.4658203125000001 0.6494140625
42 0.4814453125000001 0.6240234375 0.4687500000000001 0.6240234375 0.4687500000000001 0.650390625 0.4814453125000001 0.650390625
32 0.4970703125000001 0.625 0.4843750000000001 0.625 0.4843750000000001 0.6513671875 0.4970703125000001 0.6513671875
49 0.5126953125 0.625 0.5009765625 0.625 0.5009765625 0.65234375 0.5126953125 0.65234375
19 0.5302734375 0.625 0.517578125 0.625 0.517578125 0.65234375 0.5302734375 0.65234375
30 0.5537109375 0.626953125 0.5419921875 0.626953125 0.5419921875 0.6533203125 0.5537109375 0.6533203125
49 0.5791015625 0.626953125 0.56640625 0.626953125 0.56640625 0.654296875 0.5791015625 0.654296875
32 0.5966796875 0.626953125 0.5830078125 0.626953125 0.5830078125 0.6552734375 0.5966796875 0.6552734375
50 0.615234375 0.6279296875 0.6015625 0.6279296875 0.6015625 0.6572265625 0.615234375 0.6572265625
40 0.6337890625 0.6279296875 0.619140625 0.6279296875 0.619140625 0.65625 0.6337890625 0.65625
23 0.65234375 0.62890625 0.638671875 0.62890625 0.638671875 0.6591796875 0.65234375 0.6591796875
39 0.671875 0.6298828125 0.6572265625 0.6298828125 0.6572265625 0.658203125 0.671875 0.658203125
32 0.69140625 0.630859375 0.6767578125 0.630859375 0.6767578125 0.6591796875 0.69140625 0.6591796875
50 0.7119140625 0.6298828125 0.697265625 0.6298828125 0.697265625 0.6630859375 0.7119140625 0.6630859375