40 0.3027343750000001 0.62890625 0.2871093750000001 0.62890625 0.2871093750000001 0.66015625 0.3027343750000001 0.66015625
40 0.3222656250000001 0.626953125 0.3066406250000001 0.626953125 0.3066406250000001 0.658203125 0.3222656250000001 0.658203125
40 0.3417968750000001 0.625 0.3271484375000001 0.625 0.3271484375000001 0.6572265625 0.3417968750000001 0.6572265625
34 0.3710937500000001 0.6201171875 0.3554687500000001 0.6201171875 0.3554687500000001 0.65234375 0.3710937500000001 0.65234375
28 0.3896484375000001 0.619140625 0.3750000000000001 0.619140625 0.3750000000000001 0.650390625 0.3896484375000001 0.650390625
30 0.4091796875000001 0.6162109375 0.3945312500000001 0.6162109375 0.3945312500000001 0.6474609375 0.4091796875000001 0.6474609375
23 0.4296875000000001 0.6142578125 0.4130859375000001 0.6142578125 0.4130859375000001 0.6455078125 0.4296875000000001 0.6455078125
24 0.4589843750000001 0.6142578125 0.4433593750000001 0.6142578125 0.4433593750000001 0.64453125 0.4589843750000001 0.64453125
23 0.4863281250000001 0.6083984375 0.4697265625000001 0.6083984375 0.4697265625000001 0.6396484375 0.4863281250000001 0.6396484375
26 0.505859375 0.6064453125 0.4892578125000001 0.6064453125 0.4892578125000001 0.6376953125 0.505859375 0.6376953125
44 0.525390625 0.6044921875 0.509765625 0.6044921875 0.509765625 0.634765625 0.525390625 0.634765625
53 0.544921875 0.603515625 0.529296875 0.603515625 0.529296875 0.6328125 0.544921875 0.6328125
49 0.564453125 0.6005859375 0.548828125 0.6005859375 0.548828125 0.630859375 0.564453125 0.630859375
19 0.58203125 0.599609375 0.5673828125 0.599609375 0.5673828125 0.62890625 0.58203125 0.62890625
52 0.6025390625 0.5966796875 0.5859375 0.5966796875 0.5859375 0.6279296875 0.6025390625 0.6279296875
19 0.630859375 0.5947265625 0.615234375 0.5947265625 0.615234375 0.626953125 0.630859375 0.626953125
41 0.6494140625 0.5908203125 0.634765625 0.5908203125 0.634765625 0.6240234375 0.6494140625 0.6240234375
46 0.669921875 0.5908203125 0.6552734375 0.5908203125 0.6552734375 0.6220703125 0.669921875 0.6220703125
26 0.6904296875 0.5888671875 0.673828125 0.5888671875 0.673828125 0.6201171875 0.6904296875 0.6201171875
33 0.7099609375 0.587890625 0.6943359375 0.587890625 0.6943359375 0.619140625 0.7099609375 0.619140625
19 0.7294921875 0.5849609375 0.7138671875 0.5849609375 0.7138671875 0.6162109375 0.7294921875 0.6162109375
35 0.75 0.5830078125 0.7353515625 0.5830078125 0.7353515625 0.6142578125 0.75 0.6142578125
19 0.3828125000000001 0.6640625 0.3681640625000001 0.6640625 0.3681640625000001 0.6953125 0.3828125000000001 0.6953125
41 0.4003906250000001 0.66015625 0.3867187500000001 0.66015625 0.3867187500000001 0.6923828125 0.4003906250000001 0.6923828125
46 0.4218750000000001 0.658203125 0.4072265625000001 0.658203125 0.4072265625000001 0.6904296875 0.4218750000000001 0.6904296875
26 0.4404296875000001 0.65625 0.4267578125000001 0.65625 0.4267578125000001 0.685546875 0.4404296875000001 0.685546875
22 0.4609375000000001 0.654296875 0.4453125000000001 0.654296875 0.4453125000000001 0.685546875 0.4609375000000001 0.685546875
39 0.4804687500000001 0.65234375 0.4648437500000001 0.65234375 0.4648437500000001 0.68359375 0.4804687500000001 0.68359375
32 0.5009765625 0.6494140625 0.4853515625000001 0.6494140625 0.4853515625000001 0.681640625 0.5009765625 0.681640625
31 0.51953125 0.6494140625 0.50390625 0.6494140625 0.50390625 0.6796875 0.51953125 0.6796875
41 0.5458984375 0.646484375 0.5322265625 0.646484375 0.5322265625 0.6767578125 0.5458984375 0.6767578125
51 0.5673828125 0.6435546875 0.5517578125 0.6435546875 0.5517578125 0.6748046875 0.5673828125 0.6748046875
39 0.5869140625 0.6416015625 0.5712890625 0.6416015625 0.5712890625 0.6728515625 0.5869140625 0.6728515625
33 0.6064453125 0.6396484375 0.5908203125 0.6396484375 0.5908203125 0.671875 0.6064453125 0.671875
46 0.625 0.638671875 0.6103515625 0.638671875 0.6103515625 0.669921875 0.625 0.669921875
42 0.2929687500000001 0.7177734375 0.2753906250000001 0.7177734375 0.2753906250000001 0.75 0.2929687500000001 0.75
26 0.3125000000000001 0.71484375 0.2968750000000001 0.71484375 0.2968750000000001 0.7470703125 0.3125000000000001 0.7470703125
29 0.3310546875000001 0.712890625 0.3173828125000001 0.712890625 0.3173828125000001 0.744140625 0.3310546875000001 0.744140625
30 0.3515625000000001 0.7099609375 0.3378906250000001 0.7099609375 0.3378906250000001 0.7412109375 0.3515625000000001 0.7412109375
37 0.3710937500000001 0.7080078125 0.3554687500000001 0.7080078125 0.3554687500000001 0.7392578125 0.3710937500000001 0.7392578125
42 0.4003906250000001 0.705078125 0.3847656250000001 0.705078125 0.3847656250000001 0.7373046875 0.4003906250000001 0.7373046875
19 0.4199218750000001 0.7041015625 0.4042968750000001 0.7041015625 0.4042968750000001 0.7353515625 0.4199218750000001 0.7353515625
20 0.4394531250000001 0.701171875 0.4238281250000001 0.701171875 0.4238281250000001 0.732421875 0.4394531250000001 0.732421875
40 0.4580078125000001 0.6982421875 0.4433593750000001 0.6982421875 0.4433593750000001 0.7294921875 0.4580078125000001 0.7294921875
46 0.4785156250000001 0.6962890625 0.4638671875000001 0.6962890625 0.4638671875000001 0.7275390625 0.4785156250000001 0.7275390625
32 0.4980468750000001 0.693359375 0.4833984375000001 0.693359375 0.4833984375000001 0.7255859375 0.4980468750000001 0.7255859375
43 0.525390625 0.69140625 0.5107421875 0.69140625 0.5107421875 0.72265625 0.525390625 0.72265625
47 0.5751953125 0.685546875 0.55859375 0.685546875 0.55859375 0.71875 0.5751953125 0.71875
23 0.6416015625 0.6796875 0.6259765625 0.6796875 0.6259765625 0.7109375 0.6416015625 0.7109375
40 0.662109375 0.677734375 0.6455078125 0.677734375 0.6455078125 0.7109375 0.662109375 0.7109375
47 0.7314453125 0.669921875 0.71484375 0.669921875 0.71484375 0.703125 0.7314453125 0.703125
20 0.3339843750000001 0.7578125 0.3173828125000001 0.7578125 0.3173828125000001 0.7900390625 0.3339843750000001 0.7900390625
26 0.3535156250000001 0.7548828125 0.3369140625000001 0.7548828125 0.3369140625000001 0.787109375 0.3535156250000001 0.787109375
54 0.3730468750000001 0.751953125 0.3574218750000001 0.751953125 0.3574218750000001 0.7841796875 0.3730468750000001 0.7841796875
41 0.4023437500000001 0.748046875 0.3867187500000001 0.748046875 0.3867187500000001 0.78125 0.4023437500000001 0.78125
26 0.4208984375000001 0.74609375 0.4052734375000001 0.74609375 0.4052734375000001 0.7763671875 0.4208984375000001 0.7763671875
42 0.4414062500000001 0.7451171875 0.4248046875000001 0.7451171875 0.4248046875000001 0.7763671875 0.4414062500000001 0.7763671875
26 0.4609375000000001 0.7431640625 0.4453125000000001 0.7431640625 0.4453125000000001 0.7734375 0.4609375000000001 0.7734375
42 0.4794921875000001 0.740234375 0.4638671875000001 0.740234375 0.4638671875000001 0.7724609375 0.4794921875000001 0.7724609375
32 0.5 0.73828125 0.4843750000000001 0.73828125 0.4843750000000001 0.76953125 0.5 0.76953125
49 0.51953125 0.7353515625 0.50390625 0.7353515625 0.50390625 0.767578125 0.51953125 0.767578125
19 0.5380859375 0.734375 0.5224609375 0.734375 0.5224609375 0.765625 0.5380859375 0.765625
30 0.56640625 0.7314453125 0.55078125 0.7314453125 0.55078125 0.7646484375 0.56640625 0.7646484375
49 0.5966796875 0.728515625 0.580078125 0.728515625 0.580078125 0.759765625 0.5966796875 0.759765625
32 0.6162109375 0.7265625 0.599609375 0.7265625 0.599609375 0.7587890625 0.6162109375 0.7587890625
50 0.634765625 0.7255859375 0.6201171875 0.7255859375 0.6201171875 0.7568359375 0.634765625 0.7568359375
40 0.654296875 0.7236328125 0.638671875 0.7236328125 0.638671875 0.75390625 0.654296875 0.75390625
23 0.673828125 0.7216796875 0.658203125 0.7216796875 0.658203125 0.751953125 0.673828125 0.751953125
39 0.6943359375 0.7197265625 0.6787109375 0.7197265625 0.6787109375 0.7509765625 0.6943359375 0.7509765625
32 0.71484375 0.7177734375 0.69921875 0.7177734375 0.69921875 0.75 0.71484375 0.75
50 0.734375 0.7158203125 0.7177734375 0.7158203125 0.7177734375 0.7490234375 0.734375 0.7490234375