19 0.2841796875000001 0.7431640625 0.2714843750000001 0.7431640625 0.2714843750000001 0.7666015625 0.2841796875000001 0.7666015625
51 0.2988281250000001 0.7431640625 0.2851562500000001 0.7431640625 0.2851562500000001 0.7666015625 0.2988281250000001 0.7666015625
23 0.3115234375000001 0.744140625 0.2998046875000001 0.744140625 0.2998046875000001 0.7666015625 0.3115234375000001 0.7666015625
30 0.3261718750000001 0.744140625 0.3144531250000001 0.744140625 0.3144531250000001 0.7666015625 0.3261718750000001 0.7666015625
46 0.3398437500000001 0.744140625 0.3281250000000001 0.744140625 0.3281250000000001 0.767578125 0.3398437500000001 0.767578125
40 0.3544921875000001 0.7451171875 0.3417968750000001 0.7451171875 0.3417968750000001 0.7666015625 0.3544921875000001 0.7666015625
42 0.3681640625000001 0.744140625 0.3564453125000001 0.744140625 0.3564453125000001 0.7685546875 0.3681640625000001 0.7685546875
30 0.3818359375000001 0.7451171875 0.3701171875000001 0.7451171875 0.3701171875000001 0.7666015625 0.3818359375000001 0.7666015625
52 0.3955078125000001 0.7451171875 0.3837890625000001 0.7451171875 0.3837890625000001 0.7685546875 0.3955078125000001 0.7685546875
23 0.4169921875000001 0.7451171875 0.4042968750000001 0.7451171875 0.4042968750000001 0.7685546875 0.4169921875000001 0.7685546875
36 0.4316406250000001 0.7451171875 0.4189453125000001 0.7451171875 0.4189453125000001 0.767578125 0.4316406250000001 0.767578125
52 0.4453125000000001 0.7451171875 0.4335937500000001 0.7451171875 0.4335937500000001 0.76953125 0.4453125000000001 0.76953125
43 0.4658203125000001 0.7451171875 0.4521484375000001 0.7451171875 0.4521484375000001 0.76953125 0.4658203125000001 0.76953125
19 0.4794921875000001 0.74609375 0.4667968750000001 0.74609375 0.4667968750000001 0.7685546875 0.4794921875000001 0.7685546875
37 0.4931640625000001 0.74609375 0.4814453125000001 0.74609375 0.4814453125000001 0.7685546875 0.4931640625000001 0.7685546875
40 0.5078125 0.74609375 0.4960937500000001 0.74609375 0.4960937500000001 0.767578125 0.5078125 0.767578125
43 0.521484375 0.7470703125 0.509765625 0.7470703125 0.509765625 0.76953125 0.521484375 0.76953125
46 0.53515625 0.7470703125 0.5234375 0.7470703125 0.5234375 0.76953125 0.53515625 0.76953125
40 0.548828125 0.7470703125 0.537109375 0.7470703125 0.537109375 0.7685546875 0.548828125 0.7685546875
52 0.5625 0.7470703125 0.55078125 0.7470703125 0.55078125 0.76953125 0.5625 0.76953125
46 0.5771484375 0.74609375 0.564453125 0.74609375 0.564453125 0.7705078125 0.5771484375 0.7705078125
26 0.5908203125 0.74609375 0.5791015625 0.74609375 0.5791015625 0.76953125 0.5908203125 0.76953125
36 0.60546875 0.748046875 0.5927734375 0.748046875 0.5927734375 0.76953125 0.60546875 0.76953125
38 0.6181640625 0.7470703125 0.607421875 0.7470703125 0.607421875 0.76953125 0.6181640625 0.76953125
39 0.6318359375 0.748046875 0.62109375 0.748046875 0.62109375 0.76953125 0.6318359375 0.76953125
40 0.6455078125 0.748046875 0.634765625 0.748046875 0.634765625 0.76953125 0.6455078125 0.76953125
31 0.66015625 0.748046875 0.6484375 0.748046875 0.6484375 0.7705078125 0.66015625 0.7705078125
42 0.6806640625 0.748046875 0.6689453125 0.748046875 0.6689453125 0.76953125 0.6806640625 0.76953125
19 0.6943359375 0.748046875 0.6826171875 0.748046875 0.6826171875 0.76953125 0.6943359375 0.76953125
20 0.7080078125 0.748046875 0.6962890625 0.748046875 0.6962890625 0.76953125 0.7080078125 0.76953125
40 0.7216796875 0.748046875 0.7099609375 0.748046875 0.7099609375 0.76953125 0.7216796875 0.76953125
46 0.7353515625 0.748046875 0.7236328125 0.748046875 0.7236328125 0.7705078125 0.7353515625 0.7705078125
32 0.7490234375 0.748046875 0.73828125 0.748046875 0.73828125 0.76953125 0.7490234375 0.76953125