40 0.2812500000000001 0.6826171875 0.2656250000000001 0.6826171875 0.2656250000000001 0.7138671875 0.2812500000000001 0.7138671875
40 0.2998046875000001 0.6806640625 0.2851562500000001 0.6806640625 0.2851562500000001 0.7109375 0.2998046875000001 0.7109375
40 0.3193359375000001 0.677734375 0.3046875000000001 0.677734375 0.3046875000000001 0.7099609375 0.3193359375000001 0.7099609375
34 0.3486328125000001 0.673828125 0.3330078125000001 0.673828125 0.3330078125000001 0.705078125 0.3486328125000001 0.705078125
28 0.3671875000000001 0.671875 0.3525390625000001 0.671875 0.3525390625000001 0.703125 0.3671875000000001 0.703125
30 0.3867187500000001 0.6689453125 0.3720703125000001 0.6689453125 0.3720703125000001 0.7001953125 0.3867187500000001 0.7001953125
23 0.4062500000000001 0.6669921875 0.3896484375000001 0.6669921875 0.3896484375000001 0.69921875 0.4062500000000001 0.69921875
24 0.4355468750000001 0.666015625 0.4199218750000001 0.666015625 0.4199218750000001 0.6962890625 0.4355468750000001 0.6962890625
23 0.4619140625000001 0.6611328125 0.4472656250000001 0.6611328125 0.4472656250000001 0.69140625 0.4619140625000001 0.69140625
26 0.4814453125000001 0.66015625 0.4667968750000001 0.66015625 0.4667968750000001 0.6884765625 0.4814453125000001 0.6884765625
44 0.501953125 0.658203125 0.4863281250000001 0.658203125 0.4863281250000001 0.6884765625 0.501953125 0.6884765625
53 0.521484375 0.6552734375 0.505859375 0.6552734375 0.505859375 0.685546875 0.521484375 0.685546875
49 0.541015625 0.65234375 0.525390625 0.65234375 0.525390625 0.6826171875 0.541015625 0.6826171875
19 0.5576171875 0.650390625 0.54296875 0.650390625 0.54296875 0.6806640625 0.5576171875 0.6806640625
52 0.580078125 0.6484375 0.5634765625 0.6484375 0.5634765625 0.6796875 0.580078125 0.6796875
19 0.6064453125 0.646484375 0.591796875 0.646484375 0.591796875 0.67578125 0.6064453125 0.67578125
41 0.6259765625 0.642578125 0.611328125 0.642578125 0.611328125 0.67578125 0.6259765625 0.67578125
46 0.646484375 0.642578125 0.6318359375 0.642578125 0.6318359375 0.673828125 0.646484375 0.673828125
26 0.6669921875 0.640625 0.6513671875 0.640625 0.6513671875 0.6708984375 0.6669921875 0.6708984375
33 0.6865234375 0.638671875 0.6708984375 0.638671875 0.6708984375 0.669921875 0.6865234375 0.669921875
19 0.70703125 0.63671875 0.69140625 0.63671875 0.69140625 0.66796875 0.70703125 0.66796875
35 0.728515625 0.6337890625 0.7138671875 0.6337890625 0.7138671875 0.666015625 0.728515625 0.666015625
19 0.3593750000000001 0.716796875 0.3447265625000001 0.716796875 0.3447265625000001 0.7470703125 0.3593750000000001 0.7470703125
41 0.3779296875000001 0.7138671875 0.3642578125000001 0.7138671875 0.3642578125000001 0.7451171875 0.3779296875000001 0.7451171875
46 0.3984375000000001 0.7119140625 0.3837890625000001 0.7119140625 0.3837890625000001 0.744140625 0.3984375000000001 0.744140625
26 0.4169921875000001 0.708984375 0.4033203125000001 0.708984375 0.4033203125000001 0.7392578125 0.4169921875000001 0.7392578125
22 0.4365234375000001 0.7080078125 0.4218750000000001 0.7080078125 0.4218750000000001 0.73828125 0.4365234375000001 0.73828125
39 0.4560546875000001 0.7060546875 0.4414062500000001 0.7060546875 0.4414062500000001 0.736328125 0.4560546875000001 0.736328125
32 0.4775390625000001 0.7021484375 0.4619140625000001 0.7021484375 0.4619140625000001 0.734375 0.4775390625000001 0.734375
31 0.4960937500000001 0.7021484375 0.4804687500000001 0.7021484375 0.4804687500000001 0.732421875 0.4960937500000001 0.732421875
41 0.5224609375 0.69921875 0.5087890625 0.69921875 0.5087890625 0.7294921875 0.5224609375 0.7294921875
51 0.5439453125 0.6962890625 0.5283203125 0.6962890625 0.5283203125 0.728515625 0.5439453125 0.728515625
39 0.5634765625 0.693359375 0.5478515625 0.693359375 0.5478515625 0.724609375 0.5634765625 0.724609375
33 0.5830078125 0.6923828125 0.5673828125 0.6923828125 0.5673828125 0.7236328125 0.5830078125 0.7236328125
46 0.6015625 0.6904296875 0.5869140625 0.6904296875 0.5869140625 0.7216796875 0.6015625 0.7216796875
42 0.2714843750000001 0.771484375 0.2548828125000001 0.771484375 0.2548828125000001 0.8017578125 0.2714843750000001 0.8017578125
26 0.2910156250000001 0.76953125 0.2753906250000001 0.76953125 0.2753906250000001 0.8017578125 0.2910156250000001 0.8017578125
29 0.3095703125000001 0.7666015625 0.2958984375000001 0.7666015625 0.2958984375000001 0.7978515625 0.3095703125000001 0.7978515625
30 0.3291015625000001 0.763671875 0.3154296875000001 0.763671875 0.3154296875000001 0.7958984375 0.3291015625000001 0.7958984375
37 0.3486328125000001 0.7607421875 0.3330078125000001 0.7607421875 0.3330078125000001 0.79296875 0.3486328125000001 0.79296875
42 0.3779296875000001 0.7578125 0.3623046875000001 0.7578125 0.3623046875000001 0.7900390625 0.3779296875000001 0.7900390625
19 0.3964843750000001 0.7568359375 0.3808593750000001 0.7568359375 0.3808593750000001 0.7880859375 0.3964843750000001 0.7880859375
20 0.4160156250000001 0.75390625 0.4003906250000001 0.75390625 0.4003906250000001 0.78515625 0.4160156250000001 0.78515625
40 0.4355468750000001 0.751953125 0.4199218750000001 0.751953125 0.4199218750000001 0.783203125 0.4355468750000001 0.783203125
46 0.4550781250000001 0.75 0.4404296875000001 0.75 0.4404296875000001 0.7802734375 0.4550781250000001 0.7802734375
32 0.4746093750000001 0.7470703125 0.4599609375000001 0.7470703125 0.4599609375000001 0.7783203125 0.4746093750000001 0.7783203125
43 0.5029296875 0.744140625 0.4882812500000001 0.744140625 0.4882812500000001 0.7763671875 0.5029296875 0.7763671875
47 0.5517578125 0.73828125 0.53515625 0.73828125 0.53515625 0.771484375 0.5517578125 0.771484375
23 0.619140625 0.732421875 0.6025390625 0.732421875 0.6025390625 0.7646484375 0.619140625 0.7646484375
40 0.6396484375 0.7314453125 0.623046875 0.7314453125 0.623046875 0.7646484375 0.6396484375 0.7646484375
47 0.708984375 0.7236328125 0.693359375 0.7236328125 0.693359375 0.7568359375 0.708984375 0.7568359375
20 0.3125000000000001 0.810546875 0.2968750000000001 0.810546875 0.2968750000000001 0.84375 0.3125000000000001 0.84375
26 0.3320312500000001 0.80859375 0.3154296875000001 0.80859375 0.3154296875000001 0.8408203125 0.3320312500000001 0.8408203125
54 0.3515625000000001 0.8046875 0.3349609375000001 0.8046875 0.3349609375000001 0.8369140625 0.3515625000000001 0.8369140625
41 0.3789062500000001 0.8017578125 0.3632812500000001 0.8017578125 0.3632812500000001 0.833984375 0.3789062500000001 0.833984375
26 0.3984375000000001 0.80078125 0.3828125000000001 0.80078125 0.3828125000000001 0.830078125 0.3984375000000001 0.830078125
42 0.4189453125000001 0.798828125 0.4023437500000001 0.798828125 0.4023437500000001 0.830078125 0.4189453125000001 0.830078125
26 0.4375000000000001 0.7958984375 0.4218750000000001 0.7958984375 0.4218750000000001 0.8271484375 0.4375000000000001 0.8271484375
42 0.4570312500000001 0.7939453125 0.4414062500000001 0.7939453125 0.4414062500000001 0.826171875 0.4570312500000001 0.826171875
32 0.4775390625000001 0.791015625 0.4619140625000001 0.791015625 0.4619140625000001 0.822265625 0.4775390625000001 0.822265625
49 0.4970703125000001 0.7890625 0.4814453125000001 0.7890625 0.4814453125000001 0.8212890625 0.4970703125000001 0.8212890625
19 0.5146484375 0.7880859375 0.5 0.7880859375 0.5 0.818359375 0.5146484375 0.818359375
30 0.5439453125 0.7841796875 0.5283203125 0.7841796875 0.5283203125 0.8173828125 0.5439453125 0.8173828125
49 0.5732421875 0.7822265625 0.556640625 0.7822265625 0.556640625 0.8134765625 0.5732421875 0.8134765625
32 0.59375 0.779296875 0.5771484375 0.779296875 0.5771484375 0.8115234375 0.59375 0.8115234375
50 0.6123046875 0.779296875 0.59765625 0.779296875 0.59765625 0.8095703125 0.6123046875 0.8095703125
40 0.6318359375 0.77734375 0.6162109375 0.77734375 0.6162109375 0.8076171875 0.6318359375 0.8076171875
23 0.6513671875 0.7744140625 0.63671875 0.7744140625 0.63671875 0.8056640625 0.6513671875 0.8056640625
39 0.671875 0.7724609375 0.65625 0.7724609375 0.65625 0.8046875 0.671875 0.8046875
32 0.693359375 0.771484375 0.677734375 0.771484375 0.677734375 0.802734375 0.693359375 0.802734375
50 0.712890625 0.7705078125 0.6962890625 0.7705078125 0.6962890625 0.802734375 0.712890625 0.802734375