33 0.4863281250000001 0.513671875 0.4765625000000001 0.513671875 0.4765625000000001 0.5322265625 0.4863281250000001 0.5322265625
19 0.4970703125000001 0.513671875 0.4873046875000001 0.513671875 0.4873046875000001 0.533203125 0.4970703125000001 0.533203125
27 0.5078125 0.513671875 0.4990234375000001 0.513671875 0.4990234375000001 0.533203125 0.5078125 0.533203125
26 0.51953125 0.513671875 0.509765625 0.513671875 0.509765625 0.533203125 0.51953125 0.533203125
23 0.5302734375 0.513671875 0.521484375 0.513671875 0.521484375 0.533203125 0.5302734375 0.533203125
42 0.5419921875 0.513671875 0.5322265625 0.513671875 0.5322265625 0.5322265625 0.5419921875 0.5322265625
19 0.5537109375 0.513671875 0.5439453125 0.513671875 0.5439453125 0.5322265625 0.5537109375 0.5322265625
46 0.568359375 0.513671875 0.5595703125 0.513671875 0.5595703125 0.5322265625 0.568359375 0.5322265625
26 0.5791015625 0.513671875 0.5703125 0.513671875 0.5703125 0.5322265625 0.5791015625 0.5322265625
40 0.58984375 0.513671875 0.5810546875 0.513671875 0.5810546875 0.5322265625 0.58984375 0.5322265625
42 0.6005859375 0.5126953125 0.591796875 0.5126953125 0.591796875 0.5322265625 0.6005859375 0.5322265625
30 0.611328125 0.5126953125 0.6025390625 0.5126953125 0.6025390625 0.53125 0.611328125 0.53125
30 0.6220703125 0.5126953125 0.61328125 0.5126953125 0.61328125 0.53125 0.6220703125 0.53125
51 0.6357421875 0.5126953125 0.6279296875 0.5126953125 0.6279296875 0.53125 0.6357421875 0.53125
41 0.6474609375 0.513671875 0.638671875 0.513671875 0.638671875 0.53125 0.6474609375 0.53125
42 0.6572265625 0.5126953125 0.6484375 0.5126953125 0.6484375 0.53125 0.6572265625 0.53125
51 0.6669921875 0.5126953125 0.658203125 0.5126953125 0.658203125 0.53125 0.6669921875 0.53125
28 0.6767578125 0.5126953125 0.6689453125 0.5126953125 0.6689453125 0.5322265625 0.6767578125 0.5322265625
40 0.6865234375 0.5126953125 0.6787109375 0.5126953125 0.6787109375 0.53125 0.6865234375 0.53125
43 0.6962890625 0.513671875 0.6884765625 0.513671875 0.6884765625 0.53125 0.6962890625 0.53125
46 0.7060546875 0.513671875 0.6982421875 0.513671875 0.6982421875 0.5302734375 0.7060546875 0.5302734375
30 0.7158203125 0.5126953125 0.7080078125 0.5126953125 0.7080078125 0.5302734375 0.7158203125 0.5302734375