40 0.2529296875 0.298828125 0.23828125000000006 0.298828125 0.23828125000000006 0.3330078125 0.2529296875 0.3330078125
40 0.2705078125 0.2978515625 0.2568359375 0.2978515625 0.2568359375 0.330078125 0.2705078125 0.330078125
40 0.2890625 0.294921875 0.275390625 0.294921875 0.275390625 0.3291015625 0.2890625 0.3291015625
34 0.318359375 0.2919921875 0.302734375 0.2919921875 0.302734375 0.32421875 0.318359375 0.32421875
28 0.337890625 0.2880859375 0.3212890625 0.2880859375 0.3212890625 0.3232421875 0.337890625 0.3232421875
30 0.3583984375 0.2841796875 0.3427734375 0.2841796875 0.3427734375 0.3193359375 0.3583984375 0.3193359375
23 0.37890625 0.2822265625 0.3623046875 0.2822265625 0.3623046875 0.31640625 0.37890625 0.31640625
24 0.408203125 0.2822265625 0.392578125 0.2822265625 0.392578125 0.3134765625 0.408203125 0.3134765625
23 0.439453125 0.2734375 0.4228515625 0.2734375 0.4228515625 0.310546875 0.439453125 0.310546875
26 0.4609375 0.27246093750000006 0.4443359375 0.2724609375 0.4443359375 0.30957031250000006 0.4609375 0.3095703125000001
44 0.4833984375 0.2685546875000001 0.4658203125 0.2685546875000001 0.4658203125 0.3056640625000001 0.4833984375 0.3056640625000001
53 0.505859375 0.2656250000000001 0.4892578125 0.2656250000000001 0.4892578125 0.3017578125000001 0.505859375 0.3017578125000001
49 0.529296875 0.2607421875000001 0.51171875 0.2607421875000001 0.51171875 0.2988281250000001 0.529296875 0.2988281250000001
19 0.5517578125 0.2587890625000001 0.5341796875 0.2587890625000001 0.5341796875 0.2939453125000001 0.5517578125 0.2939453125000001
52 0.578125 0.2529296875000001 0.55859375 0.2529296875000001 0.55859375 0.2929687500000001 0.578125 0.2929687500000001
19 0.61328125 0.2500000000000001 0.5947265625 0.2500000000000001 0.5947265625 0.2871093750000001 0.61328125 0.2871093750000001
41 0.6396484375 0.24316406250000006 0.6201171875 0.24316406250000006 0.6201171875 0.2851562500000001 0.6396484375 0.2851562500000001
46 0.6669921875 0.23828125000000006 0.6474609375 0.23828125000000006 0.6474609375 0.2812500000000001 0.6669921875 0.2812500000000001
26 0.6943359375 0.23632812500000008 0.673828125 0.23632812500000006 0.673828125 0.2763671875000001 0.6943359375 0.2763671875000001
33 0.72265625 0.2324218750000001 0.701171875 0.2324218750000001 0.701171875 0.2734375000000001 0.72265625 0.2734375000000001
19 0.75 0.2275390625000001 0.7294921875 0.2275390625000001 0.7294921875 0.2705078125000001 0.75 0.2705078125000001
35 0.78125 0.2226562500000001 0.7587890625 0.2226562500000001 0.7587890625 0.2656250000000001 0.78125 0.2656250000000001
19 0.3291015625 0.3388671875 0.3125 0.3388671875 0.3125 0.3720703125 0.3291015625 0.3720703125
41 0.3466796875 0.3369140625 0.33203125 0.3369140625 0.33203125 0.3720703125 0.3466796875 0.3720703125
46 0.3671875 0.3330078125 0.3525390625 0.3330078125 0.3525390625 0.37109375 0.3671875 0.37109375
26 0.3876953125 0.3310546875 0.373046875 0.3310546875 0.373046875 0.3671875 0.3876953125 0.3671875
22 0.4091796875 0.330078125 0.392578125 0.330078125 0.392578125 0.365234375 0.4091796875 0.365234375
39 0.4306640625 0.326171875 0.4130859375 0.326171875 0.4130859375 0.36328125 0.4306640625 0.36328125
32 0.451171875 0.32421875 0.4345703125 0.32421875 0.4345703125 0.3623046875 0.451171875 0.3623046875
31 0.4736328125 0.3232421875000001 0.45703125 0.3232421875000001 0.45703125 0.3593750000000001 0.4736328125 0.3593750000000001
41 0.505859375 0.3183593750000001 0.4892578125 0.3183593750000001 0.4892578125 0.3574218750000001 0.505859375 0.3574218750000001
51 0.5302734375 0.3164062500000001 0.51171875 0.3164062500000001 0.51171875 0.3544921875000001 0.5302734375 0.3544921875000001
39 0.5546875 0.3115234375000001 0.5361328125 0.3115234375000001 0.5361328125 0.3505859375000001 0.5546875 0.3505859375000001
33 0.580078125 0.3085937500000001 0.5595703125 0.3085937500000001 0.5595703125 0.3505859375000001 0.580078125 0.3505859375000001
46 0.603515625 0.3066406250000001 0.5849609375 0.3066406250000001 0.5849609375 0.3476562500000001 0.603515625 0.3476562500000001
42 0.23828125000000006 0.39453125 0.22363281250000006 0.39453125 0.22363281250000006 0.4287109375 0.23828125000000006 0.4287109375
26 0.2568359375 0.3935546875 0.24218750000000006 0.3935546875 0.24218750000000006 0.4287109375 0.2568359375 0.4287109375
29 0.275390625 0.392578125 0.2607421875 0.392578125 0.2607421875 0.4267578125 0.275390625 0.4267578125
30 0.2939453125 0.390625 0.2802734375 0.390625 0.2802734375 0.42578125 0.2939453125 0.42578125
37 0.3125 0.388671875 0.298828125 0.388671875 0.298828125 0.423828125 0.3125 0.423828125
42 0.3427734375 0.3857421875 0.3271484375 0.3857421875 0.3271484375 0.4228515625 0.3427734375 0.4228515625
19 0.3623046875 0.3857421875 0.3466796875 0.3857421875 0.3466796875 0.4228515625 0.3623046875 0.4228515625
20 0.3837890625 0.3837890625 0.3671875 0.3837890625 0.3671875 0.4208984375 0.3837890625 0.4208984375
40 0.4052734375 0.380859375 0.3876953125 0.380859375 0.3876953125 0.4189453125 0.4052734375 0.4189453125
46 0.4248046875 0.37890625 0.408203125 0.37890625 0.408203125 0.4169921875 0.4248046875 0.4169921875
32 0.4462890625 0.3759765625 0.4296875 0.3759765625 0.4296875 0.4150390625 0.4462890625 0.4150390625
43 0.478515625 0.3740234375000001 0.4619140625 0.3740234375000001 0.4619140625 0.4130859375000001 0.478515625 0.4130859375000001
47 0.53515625 0.3681640625000001 0.517578125 0.3681640625000001 0.517578125 0.4082031250000001 0.53515625 0.4082031250000001
23 0.6201171875 0.3603515625000001 0.6025390625 0.3603515625000001 0.6025390625 0.4003906250000001 0.6201171875 0.4003906250000001
40 0.6474609375 0.3583984375000001 0.626953125 0.3583984375000001 0.626953125 0.4003906250000001 0.6474609375 0.4003906250000001
47 0.744140625 0.3476562500000001 0.72265625 0.3476562500000001 0.72265625 0.3906250000000001 0.744140625 0.3906250000000001
20 0.27539062500000006 0.44140625 0.259765625 0.44140625 0.25976562500000006 0.4775390625 0.2753906250000001 0.4775390625
26 0.29394531250000006 0.439453125 0.2783203125 0.439453125 0.27832031250000006 0.4755859375 0.2939453125000001 0.4755859375
54 0.31347656250000006 0.4375 0.296875 0.4375 0.29687500000000006 0.474609375 0.3134765625000001 0.474609375
41 0.34082031250000006 0.4365234375 0.326171875 0.4365234375 0.32617187500000006 0.47265625 0.3408203125000001 0.47265625
26 0.36132812500000006 0.4365234375 0.345703125 0.4365234375 0.34570312500000006 0.4736328125 0.3613281250000001 0.4736328125
42 0.38281250000000006 0.43359375 0.3662109375 0.43359375 0.36621093750000006 0.470703125 0.3828125000000001 0.470703125
26 0.40429687500000006 0.4326171875 0.38671875 0.4326171875 0.38671875000000006 0.470703125 0.4042968750000001 0.470703125
42 0.42480468750000006 0.431640625 0.408203125 0.431640625 0.40820312500000006 0.46875 0.4248046875000001 0.46875
32 0.44628906250000006 0.4296875 0.4296875 0.4296875 0.42968750000000006 0.4677734375 0.4462890625000001 0.4677734375
49 0.46777343750000006 0.42871093750000006 0.44921875 0.4287109375 0.44921875000000006 0.46679687500000006 0.4677734375000001 0.4667968750000001
19 0.49121093750000006 0.4287109375000001 0.47265625 0.4287109375000001 0.47265625000000006 0.4638671875000001 0.4912109375000001 0.4638671875000001
30 0.5234375 0.4257812500000001 0.5068359375 0.4257812500000001 0.5068359375 0.4648437500000001 0.5234375 0.4648437500000001
49 0.55859375 0.4228515625000001 0.541015625 0.4228515625000001 0.541015625 0.4619140625000001 0.55859375 0.4619140625000001
32 0.583984375 0.4208984375000001 0.564453125 0.4208984375000001 0.564453125 0.4609375000000001 0.583984375 0.4609375000000001
50 0.6083984375 0.4208984375000001 0.58984375 0.4208984375000001 0.58984375 0.4619140625000001 0.6083984375 0.4619140625000001
40 0.6357421875 0.4189453125000001 0.6142578125 0.4189453125000001 0.6142578125 0.4580078125000001 0.6357421875 0.4580078125000001
23 0.6611328125 0.4160156250000001 0.6416015625 0.4160156250000001 0.6416015625 0.4580078125000001 0.6611328125 0.4580078125000001
39 0.689453125 0.4140625000000001 0.6669921875 0.4140625000000001 0.6669921875 0.4550781250000001 0.689453125 0.4550781250000001
32 0.7177734375 0.4121093750000001 0.6962890625 0.4121093750000001 0.6962890625 0.4541015625000001 0.7177734375 0.4541015625000001
50 0.7470703125 0.4101562500000001 0.724609375 0.4101562500000001 0.724609375 0.4531250000000001 0.7470703125 0.4531250000000001