40 0.17871093750000006 0.5712890625 0.16503906250000006 0.5712890625 0.16503906250000006 0.6005859375 0.17871093750000006 0.6005859375
40 0.19531250000000006 0.5693359375 0.18164062500000006 0.5693359375 0.18164062500000006 0.599609375 0.19531250000000006 0.599609375
40 0.21093750000000006 0.568359375 0.19824218750000006 0.568359375 0.19824218750000006 0.599609375 0.21093750000000006 0.599609375
34 0.23632812500000006 0.5693359375 0.22265625000000006 0.5693359375 0.22265625000000006 0.599609375 0.23632812500000006 0.599609375
28 0.2539062500000001 0.5654296875 0.23925781250000006 0.5654296875 0.23925781250000006 0.5966796875 0.2539062500000001 0.5966796875
30 0.2705078125000001 0.5654296875 0.2578125000000001 0.5654296875 0.2578125000000001 0.595703125 0.2705078125000001 0.595703125
23 0.2890625000000001 0.5634765625 0.2744140625000001 0.5634765625 0.2744140625000001 0.5947265625 0.2890625000000001 0.5947265625
24 0.3164062500000001 0.5654296875 0.3017578125000001 0.5654296875 0.3017578125000001 0.595703125 0.3164062500000001 0.595703125
23 0.3437500000000001 0.560546875 0.3281250000000001 0.560546875 0.3281250000000001 0.591796875 0.3437500000000001 0.591796875
26 0.3632812500000001 0.55859375 0.3486328125000001 0.55859375 0.3486328125000001 0.5927734375 0.3632812500000001 0.5927734375
44 0.3837890625000001 0.55859375 0.3671875000000001 0.55859375 0.3671875000000001 0.591796875 0.3837890625000001 0.591796875
53 0.4033203125000001 0.5576171875 0.3876953125000001 0.5576171875 0.3876953125000001 0.5908203125 0.4033203125000001 0.5908203125
49 0.4238281250000001 0.5556640625 0.4082031250000001 0.5556640625 0.4082031250000001 0.58984375 0.4238281250000001 0.58984375
19 0.4433593750000001 0.5537109375 0.4277343750000001 0.5537109375 0.4277343750000001 0.5888671875 0.4433593750000001 0.5888671875
52 0.4658203125000001 0.552734375 0.4492187500000001 0.552734375 0.4492187500000001 0.5888671875 0.4658203125000001 0.5888671875
19 0.4970703125000001 0.5517578125 0.4814453125000001 0.5517578125 0.4814453125000001 0.5869140625 0.4970703125000001 0.5869140625
41 0.51953125 0.548828125 0.5029296875 0.548828125 0.5029296875 0.5869140625 0.51953125 0.5869140625
46 0.54296875 0.548828125 0.5263671875 0.548828125 0.5263671875 0.5849609375 0.54296875 0.5849609375
26 0.5673828125 0.548828125 0.5498046875 0.548828125 0.5498046875 0.5849609375 0.5673828125 0.5849609375
33 0.591796875 0.5458984375 0.5732421875 0.5458984375 0.5732421875 0.583984375 0.591796875 0.583984375
19 0.6162109375 0.544921875 0.5986328125 0.544921875 0.5986328125 0.5830078125 0.6162109375 0.5830078125
35 0.64453125 0.5458984375 0.6259765625 0.5458984375 0.6259765625 0.5830078125 0.64453125 0.5830078125
46 0.4902343750000001 0.60546875 0.4736328125000001 0.60546875 0.4736328125000001 0.640625 0.4902343750000001 0.640625
33 0.4687500000000001 0.60546875 0.4521484375000001 0.60546875 0.4521484375000001 0.6416015625 0.4687500000000001 0.6416015625
39 0.4472656250000001 0.6064453125 0.4306640625000001 0.6064453125 0.4306640625000001 0.6416015625 0.4472656250000001 0.6416015625
51 0.4257812500000001 0.607421875 0.4101562500000001 0.607421875 0.4101562500000001 0.6435546875 0.4257812500000001 0.6435546875
41 0.4042968750000001 0.607421875 0.3896484375000001 0.607421875 0.3896484375000001 0.6416015625 0.4042968750000001 0.6416015625
19 0.24707031250000006 0.61328125 0.23242187500000006 0.61328125 0.23242187500000006 0.6435546875 0.24707031250000006 0.6435546875
41 0.2626953125000001 0.6123046875 0.2500000000000001 0.6123046875 0.2500000000000001 0.6435546875 0.2626953125000001 0.6435546875
46 0.2812500000000001 0.6123046875 0.2675781250000001 0.6123046875 0.2675781250000001 0.6435546875 0.2812500000000001 0.6435546875
26 0.2988281250000001 0.6103515625 0.2861328125000001 0.6103515625 0.2861328125000001 0.6416015625 0.2988281250000001 0.6416015625
22 0.3183593750000001 0.6103515625 0.3037109375000001 0.6103515625 0.3037109375000001 0.642578125 0.3183593750000001 0.642578125
39 0.3369140625000001 0.609375 0.3222656250000001 0.609375 0.3222656250000001 0.642578125 0.3369140625000001 0.642578125
32 0.3574218750000001 0.6083984375 0.3417968750000001 0.6083984375 0.3417968750000001 0.6435546875 0.3574218750000001 0.6435546875
31 0.3769531250000001 0.609375 0.3603515625000001 0.609375 0.3603515625000001 0.642578125 0.3769531250000001 0.642578125
42 0.16992187500000008 0.66015625 0.15625000000000006 0.66015625 0.15625000000000008 0.69140625 0.1699218750000001 0.69140625
26 0.18554687500000008 0.66015625 0.17285156250000006 0.66015625 0.17285156250000008 0.69140625 0.1855468750000001 0.69140625
29 0.20214843750000008 0.6611328125 0.18847656250000006 0.6611328125 0.18847656250000008 0.69140625 0.2021484375000001 0.69140625
30 0.21875000000000008 0.66015625 0.20605468750000006 0.66015625 0.20605468750000008 0.69140625 0.2187500000000001 0.69140625
37 0.23632812500000008 0.6611328125 0.22265625000000006 0.6611328125 0.22265625000000008 0.69140625 0.2363281250000001 0.69140625
42 0.2607421875000001 0.6611328125 0.24804687500000006 0.6611328125 0.24804687500000008 0.6923828125 0.2607421875000001 0.6923828125
19 0.2792968750000001 0.6611328125 0.2656250000000001 0.6611328125 0.2656250000000001 0.6923828125 0.2792968750000001 0.6923828125
20 0.2978515625000001 0.66015625 0.2832031250000001 0.66015625 0.2832031250000001 0.69140625 0.2978515625000001 0.69140625
40 0.3154296875000001 0.66015625 0.3007812500000001 0.66015625 0.3007812500000001 0.6923828125 0.3154296875000001 0.6923828125
46 0.3339843750000001 0.66015625 0.3193359375000001 0.66015625 0.3193359375000001 0.6923828125 0.3339843750000001 0.6923828125
32 0.3544921875000001 0.66015625 0.3388671875000001 0.66015625 0.3388671875000001 0.693359375 0.3544921875000001 0.693359375
43 0.3818359375000001 0.66015625 0.3671875000000001 0.66015625 0.3671875000000001 0.6943359375 0.3818359375000001 0.6943359375
47 0.4335937500000001 0.66015625 0.4179687500000001 0.66015625 0.4179687500000001 0.6953125 0.4335937500000001 0.6953125
23 0.5087890625 0.6591796875 0.4912109375000001 0.6591796875 0.4912109375000001 0.6943359375 0.5087890625 0.6943359375
40 0.53125 0.658203125 0.5146484375 0.658203125 0.5146484375 0.697265625 0.53125 0.697265625
47 0.6171875 0.6591796875 0.5986328125 0.6591796875 0.5986328125 0.7001953125 0.6171875 0.7001953125
20 0.2050781250000001 0.70703125 0.1904296875000001 0.70703125 0.1904296875000001 0.740234375 0.2050781250000001 0.740234375
26 0.2197265625000001 0.70703125 0.2070312500000001 0.70703125 0.2070312500000001 0.7392578125 0.2197265625000001 0.7392578125
54 0.2373046875000001 0.70703125 0.2226562500000001 0.70703125 0.2226562500000001 0.7392578125 0.2373046875000001 0.7392578125
41 0.2617187500000001 0.7080078125 0.2480468750000001 0.7080078125 0.2480468750000001 0.7392578125 0.2617187500000001 0.7392578125
26 0.2802734375000001 0.7080078125 0.2656250000000001 0.7080078125 0.2656250000000001 0.7392578125 0.2802734375000001 0.7392578125
42 0.2988281250000001 0.708984375 0.2841796875000001 0.708984375 0.2841796875000001 0.7421875 0.2988281250000001 0.7421875
26 0.3183593750000001 0.708984375 0.3027343750000001 0.708984375 0.3027343750000001 0.7412109375 0.3183593750000001 0.7412109375
42 0.3359375000000001 0.708984375 0.3212890625000001 0.708984375 0.3212890625000001 0.7431640625 0.3359375000000001 0.7431640625
32 0.3554687500000001 0.7099609375 0.3398437500000001 0.7099609375 0.3398437500000001 0.744140625 0.3554687500000001 0.744140625
49 0.3750000000000001 0.7109375 0.3593750000000001 0.7109375 0.3593750000000001 0.7451171875 0.3750000000000001 0.7451171875
19 0.3945312500000001 0.7109375 0.3789062500000001 0.7109375 0.3789062500000001 0.7451171875 0.3945312500000001 0.7451171875
30 0.4238281250000001 0.7119140625 0.4091796875000001 0.7119140625 0.4091796875000001 0.74609375 0.4238281250000001 0.74609375
49 0.4550781250000001 0.712890625 0.4394531250000001 0.712890625 0.4394531250000001 0.748046875 0.4550781250000001 0.748046875
32 0.4775390625000001 0.712890625 0.4609375000000001 0.712890625 0.4609375000000001 0.7490234375 0.4775390625000001 0.7490234375
50 0.5 0.71484375 0.4833984375000001 0.71484375 0.4833984375000001 0.75 0.5 0.75
40 0.5224609375 0.71484375 0.5048828125 0.71484375 0.5048828125 0.7509765625 0.5224609375 0.7509765625
23 0.5458984375 0.71484375 0.52734375 0.71484375 0.52734375 0.751953125 0.5458984375 0.751953125
39 0.5703125 0.7158203125 0.5517578125 0.7158203125 0.5517578125 0.75390625 0.5703125 0.75390625
32 0.595703125 0.71875 0.576171875 0.71875 0.576171875 0.755859375 0.595703125 0.755859375
50 0.6201171875 0.71875 0.6005859375 0.71875 0.6005859375 0.7568359375 0.6201171875 0.7568359375