33 0.4433593750000001 0.4794921875 0.4375000000000001 0.4794921875 0.4375000000000001 0.49609375 0.4433593750000001 0.49609375
40 0.4541015625000001 0.48046875000000006 0.4472656250000001 0.48046875 0.4472656250000001 0.49707031250000006 0.4541015625000001 0.4970703125000001
37 0.4628906250000001 0.4804687500000001 0.4560546875000001 0.4804687500000001 0.4560546875000001 0.4960937500000001 0.4628906250000001 0.4960937500000001
41 0.4726562500000001 0.4804687500000001 0.4648437500000001 0.4804687500000001 0.4648437500000001 0.4960937500000001 0.4726562500000001 0.4960937500000001
38 0.4814453125000001 0.4804687500000001 0.4746093750000001 0.4804687500000001 0.4746093750000001 0.4960937500000001 0.4814453125000001 0.4960937500000001
48 0.4912109375000001 0.4814453125000001 0.4843750000000001 0.4814453125000001 0.4843750000000001 0.4970703125000001 0.4912109375000001 0.4970703125000001
46 0.5 0.4814453125000001 0.4931640625000001 0.4814453125000001 0.4931640625000001 0.4970703125000001 0.5 0.4970703125000001
26 0.509765625 0.4814453125000001 0.501953125 0.4814453125000001 0.501953125 0.4960937500000001 0.509765625 0.4960937500000001
42 0.5185546875 0.4814453125000001 0.5107421875 0.4814453125000001 0.5107421875 0.4970703125000001 0.5185546875 0.4970703125000001
39 0.52734375 0.4814453125000001 0.5205078125 0.4814453125000001 0.5205078125 0.4970703125000001 0.52734375 0.4970703125000001
32 0.537109375 0.4824218750000001 0.529296875 0.4824218750000001 0.529296875 0.4970703125000001 0.537109375 0.4970703125000001
31 0.5458984375 0.4824218750000001 0.5390625 0.4824218750000001 0.5390625 0.4970703125000001 0.5458984375 0.4970703125000001
33 0.55859375 0.4824218750000001 0.5517578125 0.4824218750000001 0.5517578125 0.4970703125000001 0.55859375 0.4970703125000001
36 0.568359375 0.4833984375000001 0.5615234375 0.4833984375000001 0.5615234375 0.4980468750000001 0.568359375 0.4980468750000001
19 0.5771484375 0.4833984375000001 0.5703125 0.4833984375000001 0.5703125 0.4970703125000001 0.5771484375 0.4970703125000001
43 0.5869140625 0.4833984375000001 0.580078125 0.4833984375000001 0.580078125 0.4980468750000001 0.5869140625 0.4980468750000001
43 0.5966796875 0.4833984375000001 0.5888671875 0.4833984375000001 0.5888671875 0.4980468750000001 0.5966796875 0.4980468750000001
51 0.3837890625000001 0.4990234375 0.3759765625000001 0.4990234375 0.3759765625000001 0.5146484375 0.3837890625000001 0.5146484375
22 0.3935546875000001 0.4990234375 0.3857421875000001 0.4990234375 0.3857421875000001 0.5146484375 0.3935546875000001 0.5146484375
26 0.4033203125000001 0.5 0.3955078125000001 0.5 0.3955078125000001 0.5146484375 0.4033203125000001 0.5146484375
20 0.4121093750000001 0.5 0.4042968750000001 0.5 0.4042968750000001 0.5146484375 0.4121093750000001 0.5146484375
39 0.4218750000000001 0.5 0.4140625000000001 0.5 0.4140625000000001 0.5146484375 0.4218750000000001 0.5146484375
19 0.4306640625000001 0.5 0.4238281250000001 0.5 0.4238281250000001 0.515625 0.4306640625000001 0.515625
52 0.4404296875000001 0.5 0.4326171875000001 0.5 0.4326171875000001 0.515625 0.4404296875000001 0.515625
19 0.4531250000000001 0.5009765625 0.4462890625000001 0.5009765625 0.4462890625000001 0.515625 0.4531250000000001 0.515625
51 0.4638671875000001 0.5009765625 0.4560546875000001 0.5009765625 0.4560546875000001 0.515625 0.4638671875000001 0.515625
23 0.4726562500000001 0.5009765625 0.4648437500000001 0.5009765625 0.4648437500000001 0.515625 0.4726562500000001 0.515625
30 0.4824218750000001 0.5009765625 0.4746093750000001 0.5009765625 0.4746093750000001 0.515625 0.4824218750000001 0.515625
46 0.4912109375000001 0.5009765625 0.4833984375000001 0.5009765625 0.4833984375000001 0.5166015625 0.4912109375000001 0.5166015625
40 0.5009765625 0.501953125 0.4931640625000001 0.501953125 0.4931640625000001 0.5166015625 0.5009765625 0.5166015625
42 0.509765625 0.501953125 0.501953125 0.501953125 0.501953125 0.5166015625 0.509765625 0.5166015625
30 0.5185546875 0.501953125 0.5107421875 0.501953125 0.5107421875 0.5166015625 0.5185546875 0.5166015625
52 0.5283203125 0.501953125 0.5205078125 0.501953125 0.5205078125 0.5166015625 0.5283203125 0.5166015625
23 0.541015625 0.501953125 0.5341796875 0.501953125 0.5341796875 0.517578125 0.541015625 0.517578125
36 0.55078125 0.501953125 0.54296875 0.501953125 0.54296875 0.517578125 0.55078125 0.517578125
52 0.560546875 0.5029296875 0.552734375 0.5029296875 0.552734375 0.517578125 0.560546875 0.517578125
41 0.5732421875 0.5029296875 0.5654296875 0.5029296875 0.5654296875 0.517578125 0.5732421875 0.517578125
42 0.5830078125 0.5029296875 0.5751953125 0.5029296875 0.5751953125 0.5185546875 0.5830078125 0.5185546875
40 0.591796875 0.50390625 0.583984375 0.50390625 0.583984375 0.5185546875 0.591796875 0.5185546875
49 0.6015625 0.5029296875 0.59375 0.5029296875 0.59375 0.51953125 0.6015625 0.51953125
26 0.6103515625 0.50390625 0.6025390625 0.50390625 0.6025390625 0.51953125 0.6103515625 0.51953125
23 0.619140625 0.50390625 0.611328125 0.50390625 0.611328125 0.5185546875 0.619140625 0.5185546875
26 0.6279296875 0.50390625 0.62109375 0.50390625 0.62109375 0.51953125 0.6279296875 0.51953125
39 0.6376953125 0.50390625 0.6298828125 0.50390625 0.6298828125 0.51953125 0.6376953125 0.51953125
30 0.6474609375 0.50390625 0.6396484375 0.50390625 0.6396484375 0.51953125 0.6474609375 0.51953125
52 0.65625 0.5048828125 0.6474609375 0.5048828125 0.6474609375 0.51953125 0.65625 0.51953125
36 0.2910156250000001 0.5185546875 0.2822265625000001 0.5185546875 0.2822265625000001 0.5341796875 0.2910156250000001 0.5341796875
19 0.3007812500000001 0.5185546875 0.2929687500000001 0.5185546875 0.2929687500000001 0.5341796875 0.3007812500000001 0.5341796875
20 0.3095703125000001 0.517578125 0.3017578125000001 0.517578125 0.3017578125000001 0.5341796875 0.3095703125000001 0.5341796875
40 0.3193359375000001 0.5185546875 0.3115234375000001 0.5185546875 0.3115234375000001 0.5341796875 0.3193359375000001 0.5341796875
42 0.3291015625000001 0.5185546875 0.3212890625000001 0.5185546875 0.3212890625000001 0.5341796875 0.3291015625000001 0.5341796875
19 0.3378906250000001 0.5185546875 0.3300781250000001 0.5185546875 0.3300781250000001 0.5341796875 0.3378906250000001 0.5341796875
46 0.3476562500000001 0.51953125 0.3398437500000001 0.51953125 0.3398437500000001 0.53515625 0.3476562500000001 0.53515625
40 0.3574218750000001 0.51953125 0.3496093750000001 0.51953125 0.3496093750000001 0.53515625 0.3574218750000001 0.53515625
42 0.3671875000000001 0.51953125 0.3593750000000001 0.51953125 0.3593750000000001 0.53515625 0.3671875000000001 0.53515625
39 0.3769531250000001 0.51953125 0.3681640625000001 0.51953125 0.3681640625000001 0.53515625 0.3769531250000001 0.53515625
32 0.3867187500000001 0.51953125 0.3779296875000001 0.51953125 0.3779296875000001 0.53515625 0.3867187500000001 0.53515625
50 0.3955078125000001 0.5205078125 0.3876953125000001 0.5205078125 0.3876953125000001 0.5361328125 0.3955078125000001 0.5361328125
55 0.4052734375000001 0.51953125 0.3974609375000001 0.51953125 0.3974609375000001 0.53515625 0.4052734375000001 0.53515625
41 0.4199218750000001 0.5205078125 0.4111328125000001 0.5205078125 0.4111328125000001 0.5361328125 0.4199218750000001 0.5361328125
42 0.4287109375000001 0.5205078125 0.4199218750000001 0.5205078125 0.4199218750000001 0.5361328125 0.4287109375000001 0.5361328125
19 0.4375000000000001 0.5205078125 0.4296875000000001 0.5205078125 0.4296875000000001 0.5361328125 0.4375000000000001 0.5361328125
33 0.4472656250000001 0.5205078125 0.4384765625000001 0.5205078125 0.4384765625000001 0.5361328125 0.4472656250000001 0.5361328125
46 0.4570312500000001 0.5205078125 0.4482421875000001 0.5205078125 0.4482421875000001 0.5361328125 0.4570312500000001 0.5361328125
30 0.4658203125000001 0.521484375 0.4580078125000001 0.521484375 0.4580078125000001 0.537109375 0.4658203125000001 0.537109375
22 0.4755859375000001 0.5205078125 0.4667968750000001 0.5205078125 0.4667968750000001 0.537109375 0.4755859375000001 0.537109375
26 0.4843750000000001 0.521484375 0.4755859375000001 0.521484375 0.4755859375000001 0.537109375 0.4843750000000001 0.537109375
43 0.4941406250000001 0.521484375 0.4863281250000001 0.521484375 0.4863281250000001 0.537109375 0.4941406250000001 0.537109375
33 0.5029296875 0.521484375 0.4941406250000001 0.521484375 0.4941406250000001 0.5380859375 0.5029296875 0.5380859375
30 0.51171875 0.521484375 0.50390625 0.521484375 0.50390625 0.5380859375 0.51171875 0.5380859375
50 0.521484375 0.5224609375 0.513671875 0.5224609375 0.513671875 0.5380859375 0.521484375 0.5380859375
30 0.53515625 0.5224609375 0.52734375 0.5224609375 0.52734375 0.5380859375 0.53515625 0.5380859375
43 0.548828125 0.5224609375 0.541015625 0.5224609375 0.541015625 0.5380859375 0.548828125 0.5380859375
19 0.5576171875 0.5224609375 0.5498046875 0.5224609375 0.5498046875 0.5380859375 0.5576171875 0.5380859375
37 0.56640625 0.5224609375 0.55859375 0.5224609375 0.55859375 0.5390625 0.56640625 0.5390625
40 0.576171875 0.5224609375 0.5673828125 0.5224609375 0.5673828125 0.5390625 0.576171875 0.5390625
43 0.5849609375 0.5234375 0.5771484375 0.5234375 0.5771484375 0.5390625 0.5849609375 0.5390625
46 0.5947265625 0.5234375 0.5869140625 0.5234375 0.5869140625 0.5390625 0.5947265625 0.5390625
40 0.603515625 0.5234375 0.595703125 0.5234375 0.595703125 0.5390625 0.603515625 0.5390625
52 0.61328125 0.5244140625 0.60546875 0.5244140625 0.60546875 0.5400390625 0.61328125 0.5400390625
46 0.6220703125 0.5244140625 0.6142578125 0.5244140625 0.6142578125 0.5400390625 0.6220703125 0.5400390625
26 0.630859375 0.5244140625 0.623046875 0.5244140625 0.623046875 0.5400390625 0.630859375 0.5400390625
36 0.640625 0.5244140625 0.6328125 0.5244140625 0.6328125 0.5400390625 0.640625 0.5400390625
38 0.6494140625 0.5244140625 0.6416015625 0.5244140625 0.6416015625 0.5400390625 0.6494140625 0.5400390625
39 0.6591796875 0.525390625 0.650390625 0.525390625 0.650390625 0.541015625 0.6591796875 0.541015625
32 0.66796875 0.525390625 0.66015625 0.525390625 0.66015625 0.541015625 0.66796875 0.541015625
50 0.6767578125 0.525390625 0.6689453125 0.525390625 0.6689453125 0.541015625 0.6767578125 0.541015625
19 0.7001953125 0.5263671875 0.6923828125 0.5263671875 0.6923828125 0.5419921875 0.7001953125 0.5419921875
39 0.708984375 0.5263671875 0.701171875 0.5263671875 0.701171875 0.5419921875 0.708984375 0.5419921875
52 0.71875 0.5263671875 0.7109375 0.5263671875 0.7109375 0.5419921875 0.71875 0.5419921875
46 0.7275390625 0.5263671875 0.7197265625 0.5263671875 0.7197265625 0.541015625 0.7275390625 0.541015625
30 0.736328125 0.5263671875 0.728515625 0.5263671875 0.728515625 0.541015625 0.736328125 0.541015625
31 0.7451171875 0.52734375 0.7373046875 0.52734375 0.7373046875 0.54296875 0.7451171875 0.54296875
54 0.69140625 0.525390625 0.6826171875 0.525390625 0.6826171875 0.541015625 0.69140625 0.541015625