49 0.3925781250000001 0.54296875 0.3837890625000001 0.54296875 0.3837890625000001 0.5615234375 0.3925781250000001 0.5615234375
32 0.4042968750000001 0.54296875 0.3955078125000001 0.54296875 0.3955078125000001 0.5615234375 0.4042968750000001 0.5615234375
54 0.4160156250000001 0.54296875 0.4062500000000001 0.54296875 0.4062500000000001 0.5615234375 0.4160156250000001 0.5615234375
40 0.4277343750000001 0.54296875 0.4189453125000001 0.54296875 0.4189453125000001 0.5615234375 0.4277343750000001 0.5615234375
49 0.4394531250000001 0.54296875 0.4306640625000001 0.54296875 0.4306640625000001 0.5615234375 0.4394531250000001 0.5615234375
41 0.4638671875000001 0.54296875 0.4541015625000001 0.54296875 0.4541015625000001 0.5625 0.4638671875000001 0.5625
26 0.4755859375000001 0.54296875 0.4667968750000001 0.54296875 0.4667968750000001 0.5625 0.4755859375000001 0.5625
42 0.4882812500000001 0.54296875 0.4785156250000001 0.54296875 0.4785156250000001 0.5625 0.4882812500000001 0.5625
43 0.5009765625 0.54296875 0.4921875000000001 0.54296875 0.4921875000000001 0.5625 0.5009765625 0.5625
40 0.513671875 0.5419921875 0.50390625 0.5419921875 0.50390625 0.5615234375 0.513671875 0.5615234375
39 0.5263671875 0.5419921875 0.515625 0.5419921875 0.515625 0.5615234375 0.5263671875 0.5615234375
19 0.5390625 0.5419921875 0.529296875 0.5419921875 0.529296875 0.5615234375 0.5390625 0.5615234375
36 0.552734375 0.541015625 0.5419921875 0.541015625 0.5419921875 0.5615234375 0.552734375 0.5615234375
19 0.564453125 0.541015625 0.5546875 0.541015625 0.5546875 0.5615234375 0.564453125 0.5615234375
47 0.578125 0.5400390625 0.5673828125 0.5400390625 0.5673828125 0.560546875 0.578125 0.560546875
41 0.3945312500000001 0.5693359375 0.3857421875000001 0.5693359375 0.3857421875000001 0.587890625 0.3945312500000001 0.587890625
40 0.4052734375000001 0.5693359375 0.3964843750000001 0.5693359375 0.3964843750000001 0.587890625 0.4052734375000001 0.587890625
23 0.4169921875000001 0.5693359375 0.4082031250000001 0.5693359375 0.4082031250000001 0.587890625 0.4169921875000001 0.587890625
54 0.4414062500000001 0.5693359375 0.4316406250000001 0.5693359375 0.4316406250000001 0.5888671875 0.4414062500000001 0.5888671875
39 0.4531250000000001 0.5693359375 0.4433593750000001 0.5693359375 0.4433593750000001 0.5888671875 0.4531250000000001 0.5888671875
19 0.4648437500000001 0.5693359375 0.4560546875000001 0.5693359375 0.4560546875000001 0.587890625 0.4648437500000001 0.587890625
33 0.4775390625000001 0.5693359375 0.4677734375000001 0.5693359375 0.4677734375000001 0.5888671875 0.4775390625000001 0.5888671875
40 0.4892578125000001 0.5693359375 0.4804687500000001 0.5693359375 0.4804687500000001 0.5888671875 0.4892578125000001 0.5888671875
37 0.501953125 0.5693359375 0.4921875000000001 0.5693359375 0.4921875000000001 0.5888671875 0.501953125 0.5888671875