40 0.28515625 0.3173828125 0.2705078125 0.3173828125 0.2705078125 0.3515625 0.28515625 0.3515625
40 0.3037109375 0.318359375 0.2900390625 0.318359375 0.2900390625 0.3505859375 0.3037109375 0.3505859375
40 0.3212890625 0.3154296875 0.3076171875 0.3154296875 0.3076171875 0.349609375 0.3212890625 0.349609375
34 0.349609375 0.314453125 0.3349609375 0.314453125 0.3349609375 0.3466796875 0.349609375 0.3466796875
28 0.37109375 0.310546875 0.3544921875 0.310546875 0.3544921875 0.3447265625 0.37109375 0.3447265625
30 0.390625 0.30859375 0.375 0.30859375 0.375 0.3427734375 0.390625 0.3427734375
23 0.41015625 0.306640625 0.39453125 0.306640625 0.39453125 0.33984375 0.41015625 0.33984375
24 0.439453125 0.30859375 0.423828125 0.30859375 0.423828125 0.3408203125 0.439453125 0.3408203125
23 0.470703125 0.2998046875000001 0.4541015625 0.2998046875000001 0.4541015625 0.3369140625000001 0.470703125 0.3369140625000001
26 0.4931640625 0.2998046875000001 0.4765625 0.2998046875000001 0.4765625 0.3369140625000001 0.4931640625 0.3369140625000001
44 0.513671875 0.2978515625000001 0.4970703125 0.2978515625000001 0.4970703125 0.3339843750000001 0.513671875 0.3339843750000001
53 0.5361328125 0.2949218750000001 0.51953125 0.2949218750000001 0.51953125 0.3320312500000001 0.5361328125 0.3320312500000001
49 0.55859375 0.2929687500000001 0.5400390625 0.2929687500000001 0.5400390625 0.3281250000000001 0.55859375 0.3281250000000001
19 0.5810546875 0.2910156250000001 0.5634765625 0.2910156250000001 0.5634765625 0.3251953125000001 0.5810546875 0.3251953125000001
52 0.60546875 0.2880859375000001 0.5869140625 0.2880859375000001 0.5869140625 0.3242187500000001 0.60546875 0.3242187500000001
19 0.640625 0.2832031250000001 0.6220703125 0.2832031250000001 0.6220703125 0.3193359375000001 0.640625 0.3193359375000001
41 0.6650390625 0.2792968750000001 0.646484375 0.2792968750000001 0.646484375 0.3183593750000001 0.6650390625 0.3183593750000001
46 0.6904296875 0.2773437500000001 0.6728515625 0.2773437500000001 0.6728515625 0.3154296875000001 0.6904296875 0.3154296875000001
26 0.71875 0.2763671875000001 0.6982421875 0.2763671875000001 0.6982421875 0.3125000000000001 0.71875 0.3125000000000001
33 0.744140625 0.2724609375000001 0.724609375 0.2724609375000001 0.724609375 0.3115234375000001 0.744140625 0.3115234375000001
19 0.7724609375 0.2695312500000001 0.751953125 0.2695312500000001 0.751953125 0.3076171875000001 0.7724609375 0.3076171875000001
35 0.7998046875 0.2656250000000001 0.7802734375 0.2656250000000001 0.7802734375 0.3046875000000001 0.7998046875 0.3046875000000001
19 0.359375 0.3603515625 0.3447265625 0.3603515625 0.3447265625 0.392578125 0.359375 0.392578125
41 0.3779296875 0.3583984375 0.3642578125 0.3583984375 0.3642578125 0.3916015625 0.3779296875 0.3916015625
46 0.3984375 0.357421875 0.3837890625 0.357421875 0.3837890625 0.390625 0.3984375 0.390625
26 0.4189453125 0.353515625 0.4052734375 0.353515625 0.4052734375 0.3896484375 0.4189453125 0.3896484375
22 0.439453125 0.353515625 0.423828125 0.353515625 0.423828125 0.388671875 0.439453125 0.388671875
39 0.4599609375 0.35156250000000006 0.4443359375 0.3515625 0.4443359375 0.38671875000000006 0.4599609375 0.3867187500000001
32 0.482421875 0.3496093750000001 0.46484375 0.3496093750000001 0.46484375 0.3867187500000001 0.482421875 0.3867187500000001
31 0.5029296875 0.3505859375000001 0.486328125 0.3505859375000001 0.486328125 0.3847656250000001 0.5029296875 0.3847656250000001
41 0.53515625 0.3457031250000001 0.5185546875 0.3457031250000001 0.5185546875 0.3818359375000001 0.53515625 0.3818359375000001
51 0.55859375 0.3447265625000001 0.541015625 0.3447265625000001 0.541015625 0.3808593750000001 0.55859375 0.3808593750000001
39 0.58203125 0.3417968750000001 0.564453125 0.3417968750000001 0.564453125 0.3789062500000001 0.58203125 0.3789062500000001
33 0.6064453125 0.3388671875000001 0.587890625 0.3388671875000001 0.587890625 0.3779296875000001 0.6064453125 0.3779296875000001
46 0.6298828125 0.3378906250000001 0.611328125 0.3378906250000001 0.611328125 0.3750000000000001 0.6298828125 0.3750000000000001
42 0.2685546875 0.4111328125 0.25390625 0.4111328125 0.25390625 0.4443359375 0.2685546875 0.4443359375
26 0.2880859375 0.4111328125 0.2734375 0.4111328125 0.2734375 0.4453125 0.2880859375 0.4453125
29 0.306640625 0.41015625 0.2919921875 0.41015625 0.2919921875 0.443359375 0.306640625 0.443359375
30 0.3251953125 0.4091796875 0.3115234375 0.4091796875 0.3115234375 0.4423828125 0.3251953125 0.4423828125
37 0.34375 0.408203125 0.330078125 0.408203125 0.330078125 0.4404296875 0.34375 0.4404296875
42 0.373046875 0.4072265625 0.3583984375 0.4072265625 0.3583984375 0.4404296875 0.373046875 0.4404296875
19 0.3935546875 0.40625 0.3779296875 0.40625 0.3779296875 0.4384765625 0.3935546875 0.4384765625
20 0.4140625 0.404296875 0.3984375 0.404296875 0.3984375 0.4375 0.4140625 0.4375
40 0.43359375 0.404296875 0.4189453125 0.404296875 0.4189453125 0.4375 0.43359375 0.4375
46 0.455078125 0.40234375000000006 0.4384765625 0.40234375 0.4384765625 0.43750000000000006 0.455078125 0.4375000000000001
32 0.4765625 0.4013671875000001 0.4599609375 0.4013671875000001 0.4599609375 0.4355468750000001 0.4765625 0.4355468750000001
43 0.5078125 0.3994140625000001 0.4912109375 0.3994140625000001 0.4912109375 0.4345703125000001 0.5078125 0.4345703125000001
47 0.5625 0.3955078125000001 0.546875 0.3955078125000001 0.546875 0.4326171875000001 0.5625 0.4326171875000001
23 0.646484375 0.3906250000000001 0.62890625 0.3906250000000001 0.62890625 0.4287109375000001 0.646484375 0.4287109375000001
40 0.6728515625 0.3886718750000001 0.6533203125 0.3886718750000001 0.6533203125 0.4277343750000001 0.6728515625 0.4277343750000001
47 0.765625 0.3818359375000001 0.7451171875 0.3818359375000001 0.7451171875 0.4218750000000001 0.765625 0.4218750000000001
20 0.3056640625000001 0.45703125 0.2910156250000001 0.45703125 0.2910156250000001 0.4892578125 0.3056640625000001 0.4892578125
26 0.3242187500000001 0.45703125 0.3095703125000001 0.45703125 0.3095703125000001 0.4892578125 0.3242187500000001 0.4892578125
54 0.3417968750000001 0.455078125 0.3281250000000001 0.455078125 0.3281250000000001 0.4892578125 0.3417968750000001 0.4892578125
41 0.3720703125000001 0.455078125 0.3564453125000001 0.455078125 0.3564453125000001 0.48828125 0.3720703125000001 0.48828125
26 0.3916015625000001 0.455078125 0.3769531250000001 0.455078125 0.3769531250000001 0.48828125 0.3916015625000001 0.48828125
42 0.4121093750000001 0.4541015625 0.3955078125000001 0.4541015625 0.3955078125000001 0.4873046875 0.4121093750000001 0.4873046875
26 0.43261718750000006 0.453125 0.4169921875 0.453125 0.41699218750000006 0.4873046875 0.4326171875000001 0.4873046875
42 0.45312500000000006 0.4521484375 0.4375 0.4521484375 0.43750000000000006 0.486328125 0.4531250000000001 0.486328125
32 0.47460937500000006 0.4511718750000001 0.4580078125 0.4511718750000001 0.45800781250000006 0.4863281250000001 0.4746093750000001 0.4863281250000001
49 0.49707031250000006 0.4511718750000001 0.48046875 0.4511718750000001 0.48046875000000006 0.4853515625000001 0.4970703125000001 0.4853515625000001
19 0.5205078125 0.4501953125000001 0.501953125 0.4501953125000001 0.501953125 0.4843750000000001 0.5205078125 0.4843750000000001
30 0.5517578125 0.4482421875000001 0.53515625 0.4482421875000001 0.53515625 0.4853515625000001 0.5517578125 0.4853515625000001
49 0.5859375 0.4482421875000001 0.568359375 0.4482421875000001 0.568359375 0.4843750000000001 0.5859375 0.4843750000000001
32 0.6103515625 0.4472656250000001 0.591796875 0.4472656250000001 0.591796875 0.4843750000000001 0.6103515625 0.4843750000000001
50 0.634765625 0.4462890625000001 0.6162109375 0.4462890625000001 0.6162109375 0.4863281250000001 0.634765625 0.4863281250000001
40 0.6591796875 0.4453125000000001 0.640625 0.4453125000000001 0.640625 0.4814453125000001 0.6591796875 0.4814453125000001
23 0.685546875 0.4433593750000001 0.666015625 0.4433593750000001 0.666015625 0.4833984375000001 0.685546875 0.4833984375000001
39 0.7138671875 0.4433593750000001 0.69140625 0.4433593750000001 0.69140625 0.4814453125000001 0.7138671875 0.4814453125000001
32 0.740234375 0.4423828125000001 0.71875 0.4423828125000001 0.71875 0.4814453125000001 0.740234375 0.4814453125000001
50 0.7685546875 0.4414062500000001 0.74609375 0.4414062500000001 0.74609375 0.4833984375000001 0.7685546875 0.4833984375000001