51 0.21777343750000006 0.34375 0.20996093750000006 0.34375 0.20996093750000006 0.361328125 0.21777343750000006 0.361328125
22 0.22558593750000006 0.3427734375 0.21875000000000006 0.3427734375 0.21875000000000006 0.3603515625 0.22558593750000006 0.3603515625
26 0.23437500000000006 0.33984375 0.22656250000000006 0.33984375 0.22656250000000006 0.359375 0.23437500000000006 0.359375
20 0.24316406250000006 0.33984375 0.23535156250000006 0.33984375 0.23535156250000006 0.3583984375 0.24316406250000006 0.3583984375
39 0.251953125 0.337890625 0.24414062500000006 0.337890625 0.24414062500000006 0.3564453125 0.251953125 0.3564453125
19 0.26171875 0.3359375 0.2529296875 0.3359375 0.2529296875 0.3544921875 0.26171875 0.3544921875
52 0.271484375 0.3349609375 0.2626953125 0.3349609375 0.2626953125 0.353515625 0.271484375 0.353515625
19 0.2841796875 0.3330078125 0.2763671875 0.3330078125 0.2763671875 0.3515625 0.2841796875 0.3515625
51 0.2939453125 0.330078125 0.28515625 0.330078125 0.28515625 0.349609375 0.2939453125 0.349609375
23 0.302734375 0.3291015625 0.294921875 0.3291015625 0.294921875 0.3486328125 0.302734375 0.3486328125
30 0.3125 0.3271484375 0.3046875 0.3271484375 0.3046875 0.34765625 0.3125 0.34765625
46 0.322265625 0.326171875 0.314453125 0.326171875 0.314453125 0.345703125 0.322265625 0.345703125
40 0.33203125 0.3251953125 0.3232421875 0.3251953125 0.3232421875 0.3447265625 0.33203125 0.3447265625
42 0.3427734375 0.3232421875 0.333984375 0.3232421875 0.333984375 0.3427734375 0.3427734375 0.3427734375
30 0.3525390625 0.3212890625 0.34375 0.3212890625 0.34375 0.341796875 0.3525390625 0.341796875
52 0.36328125 0.3193359375 0.3544921875 0.3193359375 0.3544921875 0.33984375 0.36328125 0.33984375
23 0.37890625 0.3173828125 0.3701171875 0.3173828125 0.3701171875 0.337890625 0.37890625 0.337890625
36 0.3896484375 0.3154296875 0.380859375 0.3154296875 0.380859375 0.3359375 0.3896484375 0.3359375
52 0.400390625 0.314453125 0.390625 0.314453125 0.390625 0.3349609375 0.400390625 0.3349609375
41 0.416015625 0.3115234375 0.4072265625 0.3115234375 0.4072265625 0.3330078125 0.416015625 0.3330078125
42 0.427734375 0.3095703125 0.4189453125 0.3095703125 0.4189453125 0.330078125 0.427734375 0.330078125
40 0.4384765625 0.30859375 0.4287109375 0.30859375 0.4287109375 0.3291015625 0.4384765625 0.3291015625
49 0.4501953125 0.306640625 0.44140625 0.306640625 0.44140625 0.3271484375 0.4501953125 0.3271484375
26 0.4619140625 0.30468750000000006 0.4521484375 0.3046875 0.4521484375 0.32617187500000006 0.4619140625 0.3261718750000001
23 0.4736328125 0.3017578125000001 0.4638671875 0.3017578125000001 0.4638671875 0.3232421875000001 0.4736328125 0.3232421875000001
26 0.486328125 0.3007812500000001 0.4765625 0.3007812500000001 0.4765625 0.3222656250000001 0.486328125 0.3222656250000001
39 0.498046875 0.2988281250000001 0.48828125 0.2988281250000001 0.48828125 0.3212890625000001 0.498046875 0.3212890625000001
30 0.509765625 0.2968750000000001 0.5 0.2968750000000001 0.5 0.3203125000000001 0.509765625 0.3203125000000001
52 0.5234375 0.2939453125000001 0.5126953125 0.2939453125000001 0.5126953125 0.3173828125000001 0.5234375 0.3173828125000001
36 0.23339843750000006 0.3662109375 0.22558593750000006 0.3662109375 0.22558593750000006 0.3837890625 0.23339843750000006 0.3837890625
19 0.24218750000000006 0.365234375 0.23437500000000006 0.365234375 0.23437500000000006 0.3828125 0.24218750000000006 0.3828125
20 0.2509765625 0.3642578125 0.24316406250000006 0.3642578125 0.24316406250000006 0.3818359375 0.2509765625 0.3818359375
40 0.2587890625 0.36328125 0.251953125 0.36328125 0.251953125 0.380859375 0.2587890625 0.380859375
42 0.2685546875 0.361328125 0.2607421875 0.361328125 0.2607421875 0.3798828125 0.2685546875 0.3798828125
19 0.27734375 0.3603515625 0.26953125 0.3603515625 0.26953125 0.3779296875 0.27734375 0.3779296875
46 0.287109375 0.3583984375 0.279296875 0.3583984375 0.279296875 0.3779296875 0.287109375 0.3779296875
40 0.296875 0.357421875 0.2880859375 0.357421875 0.2880859375 0.376953125 0.296875 0.376953125
42 0.306640625 0.35546875 0.2978515625 0.35546875 0.2978515625 0.375 0.306640625 0.375
39 0.3154296875 0.3544921875 0.3076171875 0.3544921875 0.3076171875 0.373046875 0.3154296875 0.373046875
32 0.326171875 0.3525390625 0.3173828125 0.3525390625 0.3173828125 0.3720703125 0.326171875 0.3720703125
50 0.3359375 0.3515625 0.3271484375 0.3515625 0.3271484375 0.3701171875 0.3359375 0.3701171875
55 0.345703125 0.3515625 0.3369140625 0.3515625 0.3369140625 0.369140625 0.345703125 0.369140625
41 0.361328125 0.34765625 0.3515625 0.34765625 0.3515625 0.3681640625 0.361328125 0.3681640625
42 0.37109375 0.345703125 0.3623046875 0.345703125 0.3623046875 0.3671875 0.37109375 0.3671875
19 0.3818359375 0.345703125 0.373046875 0.345703125 0.373046875 0.365234375 0.3818359375 0.365234375
33 0.3935546875 0.34375 0.3837890625 0.34375 0.3837890625 0.36328125 0.3935546875 0.36328125
46 0.404296875 0.3427734375 0.39453125 0.3427734375 0.39453125 0.3623046875 0.404296875 0.3623046875
30 0.4140625 0.33984375 0.4052734375 0.33984375 0.4052734375 0.3603515625 0.4140625 0.3603515625
22 0.42578125 0.3388671875 0.416015625 0.3388671875 0.416015625 0.359375 0.42578125 0.359375
26 0.4375 0.3369140625 0.427734375 0.3369140625 0.427734375 0.357421875 0.4375 0.357421875
43 0.44921875 0.3359375 0.439453125 0.3359375 0.439453125 0.357421875 0.44921875 0.357421875
33 0.4609375 0.33398437500000006 0.4501953125 0.333984375 0.4501953125 0.35546875000000006 0.4609375 0.3554687500000001
30 0.47265625 0.3320312500000001 0.462890625 0.3320312500000001 0.462890625 0.3525390625000001 0.47265625 0.3525390625000001
50 0.484375 0.3310546875000001 0.474609375 0.3310546875000001 0.474609375 0.3525390625000001 0.484375 0.3525390625000001
30 0.5029296875 0.3271484375000001 0.4921875 0.3271484375000001 0.4921875 0.3505859375000001 0.5029296875 0.3505859375000001
36 0.27734375 0.3857421875 0.2685546875 0.3857421875 0.2685546875 0.4052734375 0.27734375 0.4052734375
26 0.28515625 0.384765625 0.27734375 0.384765625 0.27734375 0.4033203125 0.28515625 0.4033203125
33 0.2958984375 0.3837890625 0.2861328125 0.3837890625 0.2861328125 0.40234375 0.2958984375 0.40234375
21 0.3046875 0.3818359375 0.296875 0.3818359375 0.296875 0.4013671875 0.3046875 0.4013671875
30 0.3134765625 0.380859375 0.3056640625 0.380859375 0.3056640625 0.4013671875 0.3134765625 0.4013671875
40 0.32421875 0.3798828125 0.3154296875 0.3798828125 0.3154296875 0.3994140625 0.32421875 0.3994140625
39 0.3330078125 0.37890625 0.3251953125 0.37890625 0.3251953125 0.3984375 0.3330078125 0.3984375
39 0.34375 0.376953125 0.3349609375 0.376953125 0.3349609375 0.3974609375 0.34375 0.3974609375
32 0.3544921875 0.3759765625 0.345703125 0.3759765625 0.345703125 0.396484375 0.3544921875 0.396484375
50 0.365234375 0.375 0.3564453125 0.375 0.3564453125 0.39453125 0.365234375 0.39453125
54 0.3798828125 0.373046875 0.37109375 0.373046875 0.37109375 0.3935546875 0.3798828125 0.3935546875
19 0.3896484375 0.3720703125 0.3818359375 0.3720703125 0.3818359375 0.392578125 0.3896484375 0.392578125
39 0.4013671875 0.3701171875 0.392578125 0.3701171875 0.392578125 0.3916015625 0.4013671875 0.3916015625
52 0.412109375 0.369140625 0.4033203125 0.369140625 0.4033203125 0.390625 0.412109375 0.390625
46 0.423828125 0.3671875 0.4150390625 0.3671875 0.4150390625 0.3896484375 0.423828125 0.3896484375
30 0.435546875 0.3662109375 0.42578125 0.3662109375 0.42578125 0.3876953125 0.435546875 0.3876953125
31 0.447265625 0.3642578125 0.4365234375 0.3642578125 0.4365234375 0.38671875 0.447265625 0.38671875