49 0.3623046875000001 0.68359375 0.3515625000000001 0.68359375 0.3515625000000001 0.7041015625 0.3623046875000001 0.7041015625
32 0.3789062500000001 0.68359375 0.3671875000000001 0.68359375 0.3671875000000001 0.705078125 0.3789062500000001 0.705078125
54 0.3945312500000001 0.6845703125 0.3828125000000001 0.6845703125 0.3828125000000001 0.70703125 0.3945312500000001 0.70703125
40 0.4101562500000001 0.6845703125 0.3974609375000001 0.6845703125 0.3974609375000001 0.7060546875 0.4101562500000001 0.7060546875
49 0.4257812500000001 0.685546875 0.4140625000000001 0.685546875 0.4140625000000001 0.7060546875 0.4257812500000001 0.7060546875
41 0.4570312500000001 0.685546875 0.4453125000000001 0.685546875 0.4453125000000001 0.70703125 0.4570312500000001 0.70703125
26 0.4726562500000001 0.685546875 0.4609375000000001 0.685546875 0.4609375000000001 0.70703125 0.4726562500000001 0.70703125
42 0.4882812500000001 0.685546875 0.4765625000000001 0.685546875 0.4765625000000001 0.7060546875 0.4882812500000001 0.7060546875
43 0.5048828125 0.685546875 0.4931640625000001 0.685546875 0.4931640625000001 0.7060546875 0.5048828125 0.7060546875
40 0.51953125 0.685546875 0.5078125 0.685546875 0.5078125 0.70703125 0.51953125 0.70703125
39 0.53515625 0.685546875 0.5234375 0.685546875 0.5234375 0.7060546875 0.53515625 0.7060546875
19 0.55078125 0.6845703125 0.5390625 0.6845703125 0.5390625 0.70703125 0.55078125 0.70703125
36 0.56640625 0.6845703125 0.5537109375 0.6845703125 0.5537109375 0.7060546875 0.56640625 0.7060546875
19 0.580078125 0.6845703125 0.5703125 0.6845703125 0.5703125 0.7060546875 0.580078125 0.7060546875
47 0.5966796875 0.68359375 0.5849609375 0.68359375 0.5849609375 0.7060546875 0.5966796875 0.7060546875
41 0.3642578125000001 0.712890625 0.3525390625000001 0.712890625 0.3525390625000001 0.734375 0.3642578125000001 0.734375
40 0.3798828125000001 0.712890625 0.3681640625000001 0.712890625 0.3681640625000001 0.734375 0.3798828125000001 0.734375
23 0.3955078125000001 0.712890625 0.3837890625000001 0.712890625 0.3837890625000001 0.7353515625 0.3955078125000001 0.7353515625
54 0.4267578125000001 0.712890625 0.4150390625000001 0.712890625 0.4150390625000001 0.734375 0.4267578125000001 0.734375
39 0.4414062500000001 0.712890625 0.4296875000000001 0.712890625 0.4296875000000001 0.734375 0.4414062500000001 0.734375
19 0.4570312500000001 0.7138671875 0.4453125000000001 0.7138671875 0.4453125000000001 0.734375 0.4570312500000001 0.734375
33 0.4726562500000001 0.7138671875 0.4609375000000001 0.7138671875 0.4609375000000001 0.7353515625 0.4726562500000001 0.7353515625
40 0.4882812500000001 0.7138671875 0.4765625000000001 0.7138671875 0.4765625000000001 0.7353515625 0.4882812500000001 0.7353515625
37 0.50390625 0.7138671875 0.4912109375000001 0.7138671875 0.4912109375000001 0.7353515625 0.50390625 0.7353515625