49 0.4140625000000001 0.525390625 0.4033203125000001 0.525390625 0.4033203125000001 0.5478515625 0.4140625000000001 0.5478515625
32 0.4296875000000001 0.5244140625 0.4189453125000001 0.5244140625 0.4189453125000001 0.546875 0.4296875000000001 0.546875
54 0.4453125000000001 0.525390625 0.4335937500000001 0.525390625 0.4335937500000001 0.546875 0.4453125000000001 0.546875
40 0.4599609375000001 0.525390625 0.4482421875000001 0.525390625 0.4482421875000001 0.5458984375 0.4599609375000001 0.5458984375
49 0.4746093750000001 0.5244140625 0.4628906250000001 0.5244140625 0.4628906250000001 0.544921875 0.4746093750000001 0.544921875
41 0.50390625 0.5224609375 0.4931640625000001 0.5224609375 0.4931640625000001 0.5439453125 0.50390625 0.5439453125
26 0.5185546875 0.5224609375 0.5078125 0.5224609375 0.5078125 0.54296875 0.5185546875 0.54296875
42 0.53125 0.521484375 0.521484375 0.521484375 0.521484375 0.54296875 0.53125 0.54296875
43 0.5458984375 0.51953125 0.53515625 0.51953125 0.53515625 0.5419921875 0.5458984375 0.5419921875
40 0.5595703125 0.5205078125 0.548828125 0.5205078125 0.548828125 0.541015625 0.5595703125 0.541015625
39 0.5732421875 0.51953125 0.5625 0.51953125 0.5625 0.5400390625 0.5732421875 0.5400390625
19 0.5869140625 0.5185546875 0.576171875 0.5185546875 0.576171875 0.5400390625 0.5869140625 0.5400390625
36 0.599609375 0.517578125 0.5888671875 0.517578125 0.5888671875 0.5380859375 0.599609375 0.5380859375
19 0.61328125 0.5166015625 0.6025390625 0.5166015625 0.6025390625 0.537109375 0.61328125 0.537109375
47 0.625 0.5166015625 0.615234375 0.5166015625 0.615234375 0.537109375 0.625 0.537109375
41 0.4150390625000001 0.5576171875 0.4033203125000001 0.5576171875 0.4033203125000001 0.5810546875 0.4150390625000001 0.5810546875
40 0.4296875000000001 0.5576171875 0.4179687500000001 0.5576171875 0.4179687500000001 0.580078125 0.4296875000000001 0.580078125
23 0.4443359375000001 0.5556640625 0.4335937500000001 0.5556640625 0.4335937500000001 0.5791015625 0.4443359375000001 0.5791015625
54 0.4736328125000001 0.556640625 0.4628906250000001 0.556640625 0.4628906250000001 0.5771484375 0.4736328125000001 0.5771484375
39 0.4882812500000001 0.5546875 0.4775390625000001 0.5546875 0.4775390625000001 0.576171875 0.4882812500000001 0.576171875
19 0.5029296875 0.5537109375 0.4921875000000001 0.5537109375 0.4921875000000001 0.5751953125 0.5029296875 0.5751953125
33 0.5166015625 0.5537109375 0.505859375 0.5537109375 0.505859375 0.57421875 0.5166015625 0.57421875
40 0.5302734375 0.552734375 0.51953125 0.552734375 0.51953125 0.5732421875 0.5302734375 0.5732421875
37 0.5439453125 0.55078125 0.533203125 0.55078125 0.533203125 0.572265625 0.5439453125 0.572265625