49 0.37109375 0.328125 0.3603515625 0.328125 0.3603515625 0.3505859375 0.37109375 0.3505859375
32 0.3857421875 0.328125 0.375 0.328125 0.375 0.3505859375 0.3857421875 0.3505859375
54 0.400390625 0.328125 0.388671875 0.328125 0.388671875 0.3505859375 0.400390625 0.3505859375
40 0.4140625 0.3271484375 0.40234375 0.3271484375 0.40234375 0.349609375 0.4140625 0.349609375
49 0.4287109375 0.3271484375 0.4169921875 0.3271484375 0.4169921875 0.3486328125 0.4287109375 0.3486328125
41 0.45703125 0.32617187500000006 0.4462890625 0.326171875 0.4462890625 0.34863281250000006 0.45703125 0.3486328125000001
26 0.4716796875 0.3251953125000001 0.4599609375 0.3251953125000001 0.4599609375 0.3496093750000001 0.4716796875 0.3496093750000001
42 0.4853515625 0.3261718750000001 0.4736328125 0.3261718750000001 0.4736328125 0.3486328125000001 0.4853515625 0.3486328125000001
43 0.5 0.3251953125000001 0.4892578125 0.3251953125000001 0.4892578125 0.3486328125000001 0.5 0.3486328125000001
40 0.5146484375 0.3251953125000001 0.50390625 0.3251953125000001 0.50390625 0.3476562500000001 0.5146484375 0.3476562500000001
39 0.5302734375 0.3242187500000001 0.51953125 0.3242187500000001 0.51953125 0.3476562500000001 0.5302734375 0.3476562500000001
19 0.5439453125 0.3251953125000001 0.533203125 0.3251953125000001 0.533203125 0.3466796875000001 0.5439453125 0.3466796875000001
36 0.55859375 0.3251953125000001 0.5478515625 0.3251953125000001 0.5478515625 0.3476562500000001 0.55859375 0.3476562500000001
19 0.5732421875 0.3242187500000001 0.5625 0.3242187500000001 0.5625 0.3466796875000001 0.5732421875 0.3466796875000001
47 0.587890625 0.3232421875000001 0.5771484375 0.3232421875000001 0.5771484375 0.3457031250000001 0.587890625 0.3457031250000001
41 0.3720703125 0.3583984375 0.361328125 0.3583984375 0.361328125 0.3828125 0.3720703125 0.3828125
40 0.3857421875 0.3583984375 0.375 0.3583984375 0.375 0.3818359375 0.3857421875 0.3818359375
23 0.3994140625 0.3583984375 0.388671875 0.3583984375 0.388671875 0.3818359375 0.3994140625 0.3818359375
54 0.4287109375 0.3583984375 0.4169921875 0.3583984375 0.4169921875 0.380859375 0.4287109375 0.380859375
39 0.443359375 0.3583984375 0.4326171875 0.3583984375 0.4326171875 0.380859375 0.443359375 0.380859375
19 0.4580078125 0.35839843750000006 0.447265625 0.3583984375 0.447265625 0.38085937500000006 0.4580078125 0.3808593750000001
33 0.4716796875 0.3583984375000001 0.4609375 0.3583984375000001 0.4609375 0.3808593750000001 0.4716796875 0.3808593750000001
40 0.486328125 0.3583984375000001 0.4755859375 0.3583984375000001 0.4755859375 0.3808593750000001 0.486328125 0.3808593750000001
37 0.5009765625 0.3574218750000001 0.490234375 0.3574218750000001 0.490234375 0.3798828125000001 0.5009765625 0.3798828125000001