49 0.4052734375 0.4150390625 0.3935546875 0.4150390625 0.3935546875 0.4375 0.4052734375 0.4375
32 0.4189453125 0.4150390625 0.408203125 0.4150390625 0.408203125 0.4375 0.4189453125 0.4375
54 0.43359375 0.416015625 0.4228515625 0.416015625 0.4228515625 0.4384765625 0.43359375 0.4384765625
40 0.447265625 0.4150390625 0.4365234375 0.4150390625 0.4365234375 0.4375 0.447265625 0.4375
49 0.4619140625 0.41503906250000006 0.451171875 0.4150390625 0.451171875 0.43750000000000006 0.4619140625 0.4375000000000001
41 0.490234375 0.4150390625000001 0.4794921875 0.4150390625000001 0.4794921875 0.4375000000000001 0.490234375 0.4375000000000001
26 0.50390625 0.4160156250000001 0.4931640625 0.4160156250000001 0.4931640625 0.4384765625000001 0.50390625 0.4384765625000001
42 0.5185546875 0.4150390625000001 0.5068359375 0.4150390625000001 0.5068359375 0.4384765625000001 0.5185546875 0.4384765625000001
43 0.5322265625 0.4150390625000001 0.521484375 0.4150390625000001 0.521484375 0.4375000000000001 0.5322265625 0.4375000000000001
40 0.5458984375 0.4160156250000001 0.5361328125 0.4160156250000001 0.5361328125 0.4375000000000001 0.5458984375 0.4375000000000001
39 0.560546875 0.4150390625000001 0.548828125 0.4150390625000001 0.548828125 0.4384765625000001 0.560546875 0.4384765625000001
19 0.5732421875 0.4160156250000001 0.5634765625 0.4160156250000001 0.5634765625 0.4375000000000001 0.5732421875 0.4375000000000001
36 0.587890625 0.4150390625000001 0.5771484375 0.4150390625000001 0.5771484375 0.4375000000000001 0.587890625 0.4375000000000001
19 0.6005859375 0.4150390625000001 0.5908203125 0.4150390625000001 0.5908203125 0.4375000000000001 0.6005859375 0.4375000000000001
47 0.6142578125 0.4150390625000001 0.6044921875 0.4150390625000001 0.6044921875 0.4365234375000001 0.6142578125 0.4365234375000001
41 0.40527343750000006 0.4462890625 0.3935546875 0.4462890625 0.39355468750000006 0.4677734375 0.4052734375000001 0.4677734375
40 0.41894531250000006 0.4462890625 0.408203125 0.4462890625 0.40820312500000006 0.4677734375 0.4189453125000001 0.4677734375
23 0.43359375000000006 0.4462890625 0.4228515625 0.4462890625 0.42285156250000006 0.4677734375 0.4335937500000001 0.4677734375
54 0.46191406250000006 0.44628906250000006 0.451171875 0.4462890625 0.45117187500000006 0.46875000000000006 0.4619140625000001 0.4687500000000001
39 0.47558593750000006 0.4472656250000001 0.46484375 0.4472656250000001 0.46484375000000006 0.4687500000000001 0.4755859375000001 0.4687500000000001
19 0.48925781250000006 0.4462890625000001 0.4794921875 0.4462890625000001 0.47949218750000006 0.4667968750000001 0.4892578125000001 0.4667968750000001
33 0.5029296875 0.4462890625000001 0.4931640625 0.4462890625000001 0.49316406250000006 0.4677734375000001 0.5029296875 0.4677734375000001
40 0.517578125 0.4462890625000001 0.5068359375 0.4462890625000001 0.5068359375 0.4677734375000001 0.517578125 0.4677734375000001
37 0.5322265625 0.4453125000000001 0.521484375 0.4453125000000001 0.521484375 0.4677734375000001 0.5322265625 0.4677734375000001