49 0.3349609375000001 0.5966796875 0.3222656250000001 0.5966796875 0.3222656250000001 0.6220703125 0.3349609375000001 0.6220703125
32 0.3505859375000001 0.59765625 0.3378906250000001 0.59765625 0.3378906250000001 0.6220703125 0.3505859375000001 0.6220703125
54 0.3671875000000001 0.5986328125 0.3544921875000001 0.5986328125 0.3544921875000001 0.6240234375 0.3671875000000001 0.6240234375
40 0.3837890625000001 0.5986328125 0.3710937500000001 0.5986328125 0.3710937500000001 0.623046875 0.3837890625000001 0.623046875
49 0.3994140625000001 0.599609375 0.3867187500000001 0.599609375 0.3867187500000001 0.6240234375 0.3994140625000001 0.6240234375
41 0.4326171875000001 0.6005859375 0.4199218750000001 0.6005859375 0.4199218750000001 0.6240234375 0.4326171875000001 0.6240234375
26 0.4492187500000001 0.6005859375 0.4365234375000001 0.6005859375 0.4365234375000001 0.6259765625 0.4492187500000001 0.6259765625
42 0.4648437500000001 0.6015625 0.4531250000000001 0.6015625 0.4531250000000001 0.6259765625 0.4648437500000001 0.6259765625
43 0.4814453125000001 0.6015625 0.4687500000000001 0.6015625 0.4687500000000001 0.625 0.4814453125000001 0.625
40 0.4980468750000001 0.6015625 0.4853515625000001 0.6015625 0.4853515625000001 0.6259765625 0.4980468750000001 0.6259765625
39 0.513671875 0.6015625 0.501953125 0.6015625 0.501953125 0.6259765625 0.513671875 0.6259765625
19 0.5302734375 0.6025390625 0.517578125 0.6025390625 0.517578125 0.6279296875 0.5302734375 0.6279296875
36 0.546875 0.6015625 0.5341796875 0.6015625 0.5341796875 0.6259765625 0.546875 0.6259765625
19 0.5625 0.6025390625 0.55078125 0.6025390625 0.55078125 0.6259765625 0.5625 0.6259765625
47 0.578125 0.6015625 0.5654296875 0.6015625 0.5654296875 0.6259765625 0.578125 0.6259765625
41 0.3349609375000001 0.6298828125 0.3232421875000001 0.6298828125 0.3232421875000001 0.654296875 0.3349609375000001 0.654296875
40 0.3505859375000001 0.6298828125 0.3388671875000001 0.6298828125 0.3388671875000001 0.654296875 0.3505859375000001 0.654296875
23 0.3671875000000001 0.630859375 0.3554687500000001 0.630859375 0.3554687500000001 0.6552734375 0.3671875000000001 0.6552734375
54 0.4003906250000001 0.6318359375 0.3876953125000001 0.6318359375 0.3876953125000001 0.6552734375 0.4003906250000001 0.6552734375
39 0.4169921875000001 0.6318359375 0.4042968750000001 0.6318359375 0.4042968750000001 0.6552734375 0.4169921875000001 0.6552734375
19 0.4326171875000001 0.6328125 0.4208984375000001 0.6328125 0.4208984375000001 0.65625 0.4326171875000001 0.65625
33 0.4482421875000001 0.6328125 0.4365234375000001 0.6328125 0.4365234375000001 0.65625 0.4482421875000001 0.65625
40 0.4638671875000001 0.6328125 0.4521484375000001 0.6328125 0.4521484375000001 0.65625 0.4638671875000001 0.65625
37 0.4814453125000001 0.6337890625 0.4687500000000001 0.6337890625 0.4687500000000001 0.6572265625 0.4814453125000001 0.6572265625