33 0.4013671875 0.3984375 0.3916015625 0.3984375 0.3916015625 0.4169921875 0.4013671875 0.4169921875
19 0.412109375 0.3994140625 0.40234375 0.3994140625 0.40234375 0.4169921875 0.412109375 0.4169921875
27 0.423828125 0.3994140625 0.4140625 0.3994140625 0.4140625 0.41796875 0.423828125 0.41796875
26 0.4345703125 0.400390625 0.42578125 0.400390625 0.42578125 0.4189453125 0.4345703125 0.4189453125
23 0.4462890625 0.4013671875 0.4365234375 0.4013671875 0.4365234375 0.4208984375 0.4462890625 0.4208984375
42 0.45703125 0.40234375000000006 0.447265625 0.40234375 0.447265625 0.41992187500000006 0.45703125 0.4199218750000001
19 0.46875 0.4023437500000001 0.458984375 0.4023437500000001 0.458984375 0.4199218750000001 0.46875 0.4199218750000001
46 0.484375 0.4033203125000001 0.474609375 0.4033203125000001 0.474609375 0.4208984375000001 0.484375 0.4208984375000001
26 0.4951171875 0.4042968750000001 0.486328125 0.4042968750000001 0.486328125 0.4228515625000001 0.4951171875 0.4228515625000001
40 0.505859375 0.4042968750000001 0.4970703125 0.4042968750000001 0.4970703125 0.4218750000000001 0.505859375 0.4218750000000001
42 0.517578125 0.4042968750000001 0.5078125 0.4042968750000001 0.5078125 0.4228515625000001 0.517578125 0.4228515625000001
30 0.5283203125 0.4062500000000001 0.5185546875 0.4062500000000001 0.5185546875 0.4238281250000001 0.5283203125 0.4238281250000001
30 0.5390625 0.4062500000000001 0.5302734375 0.4062500000000001 0.5302734375 0.4238281250000001 0.5390625 0.4238281250000001
51 0.5546875 0.4072265625000001 0.5458984375 0.4072265625000001 0.5458984375 0.4257812500000001 0.5546875 0.4257812500000001
41 0.56640625 0.4072265625000001 0.556640625 0.4072265625000001 0.556640625 0.4248046875000001 0.56640625 0.4248046875000001
42 0.5771484375 0.4082031250000001 0.5673828125 0.4082031250000001 0.5673828125 0.4257812500000001 0.5771484375 0.4257812500000001
51 0.587890625 0.4091796875000001 0.5791015625 0.4091796875000001 0.5791015625 0.4267578125000001 0.587890625 0.4267578125000001
28 0.5986328125 0.4091796875000001 0.58984375 0.4091796875000001 0.58984375 0.4277343750000001 0.5986328125 0.4277343750000001
40 0.609375 0.4091796875000001 0.599609375 0.4091796875000001 0.599609375 0.4277343750000001 0.609375 0.4277343750000001
43 0.6201171875 0.4101562500000001 0.611328125 0.4101562500000001 0.611328125 0.4277343750000001 0.6201171875 0.4277343750000001
46 0.6318359375 0.4111328125000001 0.6220703125 0.4111328125000001 0.6220703125 0.4287109375000001 0.6318359375 0.4287109375000001
30 0.6416015625 0.4111328125000001 0.6328125 0.4111328125000001 0.6328125 0.4287109375000001 0.6416015625 0.4287109375000001