51 0.3681640625000001 0.5224609375 0.3554687500000001 0.5224609375 0.3554687500000001 0.5439453125 0.3681640625000001 0.5439453125
22 0.3808593750000001 0.5234375 0.3701171875000001 0.5234375 0.3701171875000001 0.5439453125 0.3808593750000001 0.5439453125
26 0.3925781250000001 0.5234375 0.3818359375000001 0.5234375 0.3818359375000001 0.5439453125 0.3925781250000001 0.5439453125
20 0.4062500000000001 0.5234375 0.3945312500000001 0.5234375 0.3945312500000001 0.5439453125 0.4062500000000001 0.5439453125
39 0.4189453125000001 0.5234375 0.4082031250000001 0.5234375 0.4082031250000001 0.5439453125 0.4189453125000001 0.5439453125
19 0.4316406250000001 0.5244140625 0.4208984375000001 0.5244140625 0.4208984375000001 0.54296875 0.4316406250000001 0.54296875
52 0.4443359375000001 0.5234375 0.4335937500000001 0.5234375 0.4335937500000001 0.5439453125 0.4443359375000001 0.5439453125
19 0.4619140625000001 0.5234375 0.4521484375000001 0.5234375 0.4521484375000001 0.5439453125 0.4619140625000001 0.5439453125
51 0.4755859375000001 0.5234375 0.4638671875000001 0.5234375 0.4638671875000001 0.5439453125 0.4755859375000001 0.5439453125
23 0.4873046875000001 0.5234375 0.4765625000000001 0.5234375 0.4765625000000001 0.54296875 0.4873046875000001 0.54296875
30 0.5 0.5224609375 0.4892578125000001 0.5224609375 0.4892578125000001 0.54296875 0.5 0.54296875
46 0.51171875 0.5234375 0.5009765625 0.5234375 0.5009765625 0.544921875 0.51171875 0.544921875
40 0.5244140625 0.5234375 0.513671875 0.5234375 0.513671875 0.5439453125 0.5244140625 0.5439453125
42 0.537109375 0.5234375 0.5263671875 0.5234375 0.5263671875 0.544921875 0.537109375 0.544921875
30 0.5498046875 0.5234375 0.5380859375 0.5234375 0.5380859375 0.544921875 0.5498046875 0.544921875
52 0.5615234375 0.5234375 0.55078125 0.5234375 0.55078125 0.5439453125 0.5615234375 0.5439453125
23 0.5791015625 0.5244140625 0.5693359375 0.5244140625 0.5693359375 0.5439453125 0.5791015625 0.5439453125
36 0.591796875 0.5244140625 0.5810546875 0.5244140625 0.5810546875 0.5439453125 0.591796875 0.5439453125
52 0.603515625 0.5244140625 0.5927734375 0.5244140625 0.5927734375 0.544921875 0.603515625 0.544921875
41 0.62109375 0.5244140625 0.6103515625 0.5244140625 0.6103515625 0.544921875 0.62109375 0.544921875
42 0.6328125 0.5244140625 0.623046875 0.5244140625 0.623046875 0.544921875 0.6328125 0.544921875
40 0.6455078125 0.5244140625 0.6337890625 0.5244140625 0.6337890625 0.544921875 0.6455078125 0.544921875
49 0.6572265625 0.525390625 0.6474609375 0.525390625 0.6474609375 0.5458984375 0.6572265625 0.5458984375
26 0.6689453125 0.525390625 0.658203125 0.525390625 0.658203125 0.5439453125 0.6689453125 0.5439453125
23 0.6806640625 0.5244140625 0.6708984375 0.5244140625 0.6708984375 0.544921875 0.6806640625 0.544921875
26 0.693359375 0.5244140625 0.6826171875 0.5244140625 0.6826171875 0.544921875 0.693359375 0.544921875
39 0.7041015625 0.5244140625 0.6943359375 0.5244140625 0.6943359375 0.544921875 0.7041015625 0.544921875
30 0.7158203125 0.525390625 0.7060546875 0.525390625 0.7060546875 0.544921875 0.7158203125 0.544921875
52 0.728515625 0.5244140625 0.7177734375 0.5244140625 0.7177734375 0.5458984375 0.728515625 0.5458984375
36 0.3906250000000001 0.5517578125 0.3779296875000001 0.5517578125 0.3779296875000001 0.572265625 0.3906250000000001 0.572265625
19 0.4033203125000001 0.5517578125 0.3916015625000001 0.5517578125 0.3916015625000001 0.572265625 0.4033203125000001 0.572265625
20 0.4160156250000001 0.55078125 0.4033203125000001 0.55078125 0.4033203125000001 0.572265625 0.4160156250000001 0.572265625
40 0.4277343750000001 0.55078125 0.4169921875000001 0.55078125 0.4169921875000001 0.5712890625 0.4277343750000001 0.5712890625
42 0.4404296875000001 0.5517578125 0.4296875000000001 0.5517578125 0.4296875000000001 0.572265625 0.4404296875000001 0.572265625
19 0.4531250000000001 0.5517578125 0.4423828125000001 0.5517578125 0.4423828125000001 0.5712890625 0.4531250000000001 0.5712890625
46 0.4658203125000001 0.5517578125 0.4550781250000001 0.5517578125 0.4550781250000001 0.5712890625 0.4658203125000001 0.5712890625
40 0.4775390625000001 0.55078125 0.4667968750000001 0.55078125 0.4667968750000001 0.5712890625 0.4775390625000001 0.5712890625
42 0.4912109375000001 0.5517578125 0.4804687500000001 0.5517578125 0.4804687500000001 0.5712890625 0.4912109375000001 0.5712890625
39 0.5029296875 0.5517578125 0.4921875000000001 0.5517578125 0.4921875000000001 0.5712890625 0.5029296875 0.5712890625
32 0.515625 0.5517578125 0.5048828125 0.5517578125 0.5048828125 0.5712890625 0.515625 0.5712890625
50 0.52734375 0.5517578125 0.517578125 0.5517578125 0.517578125 0.5712890625 0.52734375 0.5712890625
55 0.5390625 0.5517578125 0.5283203125 0.5517578125 0.5283203125 0.5712890625 0.5390625 0.5712890625
41 0.5576171875 0.5517578125 0.546875 0.5517578125 0.546875 0.572265625 0.5576171875 0.572265625
42 0.5703125 0.5517578125 0.5595703125 0.5517578125 0.5595703125 0.5712890625 0.5703125 0.5712890625
19 0.58203125 0.5517578125 0.5712890625 0.5517578125 0.5712890625 0.5712890625 0.58203125 0.5712890625
33 0.595703125 0.5517578125 0.583984375 0.5517578125 0.583984375 0.5712890625 0.595703125 0.5712890625
46 0.6064453125 0.5517578125 0.5966796875 0.5517578125 0.5966796875 0.5712890625 0.6064453125 0.5712890625
30 0.6181640625 0.5517578125 0.607421875 0.5517578125 0.607421875 0.572265625 0.6181640625 0.572265625
22 0.6298828125 0.5517578125 0.6201171875 0.5517578125 0.6201171875 0.572265625 0.6298828125 0.572265625
26 0.642578125 0.5517578125 0.6318359375 0.5517578125 0.6318359375 0.572265625 0.642578125 0.572265625
43 0.654296875 0.5517578125 0.6435546875 0.5517578125 0.6435546875 0.572265625 0.654296875 0.572265625
33 0.6669921875 0.5517578125 0.65625 0.5517578125 0.65625 0.572265625 0.6669921875 0.572265625
30 0.6787109375 0.5517578125 0.66796875 0.5517578125 0.66796875 0.5712890625 0.6787109375 0.5712890625
50 0.6904296875 0.5517578125 0.6806640625 0.5517578125 0.6806640625 0.572265625 0.6904296875 0.572265625
30 0.70703125 0.5517578125 0.697265625 0.5517578125 0.697265625 0.5712890625 0.70703125 0.5712890625
36 0.4501953125000001 0.5791015625 0.4394531250000001 0.5791015625 0.4394531250000001 0.6005859375 0.4501953125000001 0.6005859375
26 0.4628906250000001 0.5791015625 0.4511718750000001 0.5791015625 0.4511718750000001 0.599609375 0.4628906250000001 0.599609375
33 0.4746093750000001 0.5791015625 0.4638671875000001 0.5791015625 0.4638671875000001 0.599609375 0.4746093750000001 0.599609375
21 0.4873046875000001 0.5791015625 0.4765625000000001 0.5791015625 0.4765625000000001 0.599609375 0.4873046875000001 0.599609375
30 0.4990234375000001 0.5791015625 0.4892578125000001 0.5791015625 0.4892578125000001 0.599609375 0.4990234375000001 0.599609375
40 0.51171875 0.5791015625 0.5009765625 0.5791015625 0.5009765625 0.599609375 0.51171875 0.599609375
39 0.5244140625 0.5791015625 0.513671875 0.5791015625 0.513671875 0.599609375 0.5244140625 0.599609375
39 0.5361328125 0.5791015625 0.5263671875 0.5791015625 0.5263671875 0.599609375 0.5361328125 0.599609375
32 0.5478515625 0.5791015625 0.5390625 0.5791015625 0.5390625 0.5986328125 0.5478515625 0.5986328125
50 0.560546875 0.5791015625 0.5498046875 0.5791015625 0.5498046875 0.5986328125 0.560546875 0.5986328125
54 0.5791015625 0.5791015625 0.5673828125 0.5791015625 0.5673828125 0.599609375 0.5791015625 0.599609375
19 0.5908203125 0.5791015625 0.5810546875 0.5791015625 0.5810546875 0.599609375 0.5908203125 0.599609375
39 0.6025390625 0.5791015625 0.5927734375 0.5791015625 0.5927734375 0.59765625 0.6025390625 0.59765625
52 0.615234375 0.5791015625 0.60546875 0.5791015625 0.60546875 0.5986328125 0.615234375 0.5986328125
46 0.626953125 0.580078125 0.6171875 0.580078125 0.6171875 0.599609375 0.626953125 0.599609375
30 0.638671875 0.5791015625 0.62890625 0.5791015625 0.62890625 0.5986328125 0.638671875 0.5986328125
31 0.650390625 0.5791015625 0.640625 0.5791015625 0.640625 0.5986328125 0.650390625 0.5986328125