51 0.4062500000000001 0.4755859375 0.3955078125000001 0.4755859375 0.3955078125000001 0.4990234375 0.4062500000000001 0.4990234375
22 0.4189453125000001 0.4765625 0.4072265625000001 0.4765625 0.4072265625000001 0.5 0.4189453125000001 0.5
26 0.4316406250000001 0.4775390625 0.4208984375000001 0.4775390625 0.4208984375000001 0.5 0.4316406250000001 0.5
20 0.4443359375000001 0.478515625 0.4335937500000001 0.478515625 0.4335937500000001 0.5009765625 0.4443359375000001 0.5009765625
39 0.4560546875000001 0.47851562500000006 0.4443359375000001 0.478515625 0.4443359375000001 0.5009765625 0.4560546875000001 0.5009765625
19 0.4677734375000001 0.4794921875000001 0.4570312500000001 0.4794921875000001 0.4570312500000001 0.501953125 0.4677734375000001 0.501953125
52 0.4794921875000001 0.4804687500000001 0.4697265625000001 0.4804687500000001 0.4697265625000001 0.501953125 0.4794921875000001 0.501953125
19 0.4951171875000001 0.4814453125000001 0.4863281250000001 0.4814453125000001 0.4863281250000001 0.5029296875 0.4951171875000001 0.5029296875
51 0.5068359375 0.4814453125000001 0.4970703125000001 0.4814453125000001 0.4970703125000001 0.50390625 0.5068359375 0.50390625
23 0.517578125 0.4814453125000001 0.5078125 0.4814453125000001 0.5078125 0.50390625 0.517578125 0.50390625
30 0.52734375 0.4824218750000001 0.517578125 0.4824218750000001 0.517578125 0.5048828125 0.52734375 0.5048828125
46 0.537109375 0.4833984375000001 0.529296875 0.4833984375000001 0.529296875 0.5048828125 0.537109375 0.5048828125
40 0.546875 0.4853515625000001 0.5390625 0.4853515625000001 0.5390625 0.5048828125 0.546875 0.5048828125
42 0.55859375 0.4853515625000001 0.548828125 0.4853515625000001 0.548828125 0.505859375 0.55859375 0.505859375
30 0.5673828125 0.4853515625000001 0.5595703125 0.4853515625000001 0.5595703125 0.5048828125 0.5673828125 0.5048828125
52 0.5771484375 0.4863281250000001 0.5693359375 0.4863281250000001 0.5693359375 0.5068359375 0.5771484375 0.5068359375
23 0.591796875 0.4873046875000001 0.5830078125 0.4873046875000001 0.5830078125 0.5068359375 0.591796875 0.5068359375
36 0.6015625 0.4873046875000001 0.59375 0.4873046875000001 0.59375 0.5068359375 0.6015625 0.5068359375
52 0.6103515625 0.4882812500000001 0.6015625 0.4882812500000001 0.6015625 0.5087890625 0.6103515625 0.5087890625
41 0.623046875 0.4892578125000001 0.615234375 0.4892578125000001 0.615234375 0.5087890625 0.623046875 0.5087890625
42 0.6328125 0.4892578125000001 0.625 0.4892578125000001 0.625 0.5087890625 0.6328125 0.5087890625
40 0.640625 0.4902343750000001 0.6337890625 0.4902343750000001 0.6337890625 0.5087890625 0.640625 0.5087890625
49 0.6494140625 0.4912109375000001 0.642578125 0.4912109375000001 0.642578125 0.5087890625 0.6494140625 0.5087890625
26 0.658203125 0.4912109375000001 0.650390625 0.4912109375000001 0.650390625 0.5087890625 0.658203125 0.5087890625
23 0.666015625 0.4912109375000001 0.6591796875 0.4912109375000001 0.6591796875 0.5087890625 0.666015625 0.5087890625
26 0.6748046875 0.4921875000000001 0.66796875 0.4921875000000001 0.66796875 0.5087890625 0.6748046875 0.5087890625
39 0.681640625 0.4931640625000001 0.67578125 0.4931640625000001 0.67578125 0.509765625 0.681640625 0.509765625
30 0.6904296875 0.4931640625000001 0.68359375 0.4931640625000001 0.68359375 0.5107421875 0.6904296875 0.5107421875
52 0.6982421875 0.4931640625000001 0.69140625 0.4931640625000001 0.69140625 0.51171875 0.6982421875 0.51171875
36 0.4287109375000001 0.5078125 0.4169921875000001 0.5078125 0.4169921875000001 0.5302734375 0.4287109375000001 0.5302734375
19 0.4394531250000001 0.5087890625 0.4296875000000001 0.5087890625 0.4296875000000001 0.5302734375 0.4394531250000001 0.5302734375
20 0.4521484375000001 0.509765625 0.4414062500000001 0.509765625 0.4414062500000001 0.53125 0.4521484375000001 0.53125
40 0.4638671875000001 0.509765625 0.4531250000000001 0.509765625 0.4531250000000001 0.53125 0.4638671875000001 0.53125
42 0.4755859375000001 0.5087890625 0.4648437500000001 0.5087890625 0.4648437500000001 0.53125 0.4755859375000001 0.53125
19 0.4863281250000001 0.509765625 0.4765625000000001 0.509765625 0.4765625000000001 0.53125 0.4863281250000001 0.53125
46 0.4980468750000001 0.509765625 0.4882812500000001 0.509765625 0.4882812500000001 0.53125 0.4980468750000001 0.53125
40 0.5087890625 0.5107421875 0.4990234375000001 0.5107421875 0.4990234375000001 0.5322265625 0.5087890625 0.5322265625
42 0.51953125 0.5107421875 0.509765625 0.5107421875 0.509765625 0.5322265625 0.51953125 0.5322265625
39 0.5302734375 0.51171875 0.5205078125 0.51171875 0.5205078125 0.5322265625 0.5302734375 0.5322265625
32 0.5400390625 0.5126953125 0.53125 0.5126953125 0.53125 0.533203125 0.5400390625 0.533203125
50 0.55078125 0.5126953125 0.5419921875 0.5126953125 0.5419921875 0.5322265625 0.55078125 0.5322265625
55 0.560546875 0.5126953125 0.5517578125 0.5126953125 0.5517578125 0.533203125 0.560546875 0.533203125
41 0.5751953125 0.513671875 0.56640625 0.513671875 0.56640625 0.533203125 0.5751953125 0.533203125
42 0.5849609375 0.513671875 0.576171875 0.513671875 0.576171875 0.533203125 0.5849609375 0.533203125
19 0.59375 0.5146484375 0.5859375 0.5146484375 0.5859375 0.5322265625 0.59375 0.5322265625
33 0.6044921875 0.513671875 0.5947265625 0.513671875 0.5947265625 0.5341796875 0.6044921875 0.5341796875
46 0.6123046875 0.5146484375 0.60546875 0.5146484375 0.60546875 0.5341796875 0.6123046875 0.5341796875
30 0.6220703125 0.515625 0.61328125 0.515625 0.61328125 0.5341796875 0.6220703125 0.5341796875
22 0.630859375 0.515625 0.623046875 0.515625 0.623046875 0.53515625 0.630859375 0.53515625
26 0.6396484375 0.515625 0.6318359375 0.515625 0.6318359375 0.5341796875 0.6396484375 0.5341796875
43 0.6484375 0.5166015625 0.6416015625 0.5166015625 0.6416015625 0.53515625 0.6484375 0.53515625
33 0.6572265625 0.5166015625 0.6494140625 0.5166015625 0.6494140625 0.53515625 0.6572265625 0.53515625
30 0.6650390625 0.517578125 0.658203125 0.517578125 0.658203125 0.53515625 0.6650390625 0.53515625
50 0.6728515625 0.517578125 0.666015625 0.517578125 0.666015625 0.53515625 0.6728515625 0.53515625
30 0.685546875 0.517578125 0.677734375 0.517578125 0.677734375 0.53515625 0.685546875 0.53515625
36 0.4843750000000001 0.5400390625 0.4736328125000001 0.5400390625 0.4736328125000001 0.5615234375 0.4843750000000001 0.5615234375
26 0.4951171875000001 0.5400390625 0.4843750000000001 0.5400390625 0.4843750000000001 0.5615234375 0.4951171875000001 0.5615234375
33 0.505859375 0.5400390625 0.4960937500000001 0.5400390625 0.4960937500000001 0.5615234375 0.505859375 0.5615234375
21 0.5166015625 0.5400390625 0.5078125 0.5400390625 0.5078125 0.5615234375 0.5166015625 0.5615234375
30 0.52734375 0.541015625 0.5185546875 0.541015625 0.5185546875 0.5615234375 0.52734375 0.5615234375
40 0.537109375 0.5400390625 0.5283203125 0.5400390625 0.5283203125 0.560546875 0.537109375 0.560546875
39 0.5478515625 0.541015625 0.5390625 0.541015625 0.5390625 0.560546875 0.5478515625 0.560546875
39 0.5576171875 0.541015625 0.5498046875 0.541015625 0.5498046875 0.560546875 0.5576171875 0.560546875
32 0.568359375 0.541015625 0.5595703125 0.541015625 0.5595703125 0.560546875 0.568359375 0.560546875
50 0.5771484375 0.541015625 0.5693359375 0.541015625 0.5693359375 0.560546875 0.5771484375 0.560546875
54 0.591796875 0.5419921875 0.5830078125 0.5419921875 0.5830078125 0.5615234375 0.591796875 0.5615234375
19 0.6015625 0.5419921875 0.59375 0.5419921875 0.59375 0.560546875 0.6015625 0.560546875
39 0.6103515625 0.5419921875 0.6025390625 0.5419921875 0.6025390625 0.560546875 0.6103515625 0.560546875
52 0.619140625 0.5419921875 0.6123046875 0.5419921875 0.6123046875 0.560546875 0.619140625 0.560546875
46 0.62890625 0.5419921875 0.62109375 0.5419921875 0.62109375 0.560546875 0.62890625 0.560546875
30 0.6376953125 0.5419921875 0.6298828125 0.5419921875 0.6298828125 0.560546875 0.6376953125 0.560546875
31 0.646484375 0.5419921875 0.638671875 0.5419921875 0.638671875 0.5615234375 0.646484375 0.5615234375