49 0.3330078125000001 0.736328125 0.3203125000000001 0.736328125 0.3203125000000001 0.7607421875 0.3330078125000001 0.7607421875
32 0.3505859375000001 0.734375 0.3378906250000001 0.734375 0.3378906250000001 0.759765625 0.3505859375000001 0.759765625
54 0.3681640625000001 0.7333984375 0.3554687500000001 0.7333984375 0.3554687500000001 0.7568359375 0.3681640625000001 0.7568359375
40 0.3857421875000001 0.7314453125 0.3730468750000001 0.7314453125 0.3730468750000001 0.755859375 0.3857421875000001 0.755859375
49 0.4042968750000001 0.728515625 0.3916015625000001 0.728515625 0.3916015625000001 0.7529296875 0.4042968750000001 0.7529296875
41 0.4375000000000001 0.724609375 0.4257812500000001 0.724609375 0.4257812500000001 0.7490234375 0.4375000000000001 0.7490234375
26 0.4550781250000001 0.7236328125 0.4423828125000001 0.7236328125 0.4423828125000001 0.7470703125 0.4550781250000001 0.7470703125
42 0.4716796875000001 0.7216796875 0.4599609375000001 0.7216796875 0.4599609375000001 0.744140625 0.4716796875000001 0.744140625
43 0.4882812500000001 0.71875 0.4765625000000001 0.71875 0.4765625000000001 0.7421875 0.4882812500000001 0.7421875
40 0.5048828125 0.7177734375 0.4931640625000001 0.7177734375 0.4931640625000001 0.740234375 0.5048828125 0.740234375
39 0.521484375 0.71484375 0.509765625 0.71484375 0.509765625 0.73828125 0.521484375 0.73828125
19 0.5380859375 0.712890625 0.5263671875 0.712890625 0.5263671875 0.736328125 0.5380859375 0.736328125
36 0.5537109375 0.7109375 0.541015625 0.7109375 0.541015625 0.7333984375 0.5537109375 0.7333984375
19 0.5693359375 0.7080078125 0.5576171875 0.7080078125 0.5576171875 0.73046875 0.5693359375 0.73046875
47 0.5849609375 0.7060546875 0.5732421875 0.7060546875 0.5732421875 0.728515625 0.5849609375 0.728515625
41 0.3330078125000001 0.7705078125 0.3212890625000001 0.7705078125 0.3212890625000001 0.794921875 0.3330078125000001 0.794921875
40 0.3515625000000001 0.76953125 0.3388671875000001 0.76953125 0.3388671875000001 0.7919921875 0.3515625000000001 0.7919921875
23 0.3691406250000001 0.7666015625 0.3564453125000001 0.7666015625 0.3564453125000001 0.791015625 0.3691406250000001 0.791015625
54 0.4042968750000001 0.763671875 0.3916015625000001 0.763671875 0.3916015625000001 0.7861328125 0.4042968750000001 0.7861328125
39 0.4218750000000001 0.759765625 0.4091796875000001 0.759765625 0.4091796875000001 0.7841796875 0.4218750000000001 0.7841796875
19 0.4375000000000001 0.7587890625 0.4257812500000001 0.7587890625 0.4257812500000001 0.7822265625 0.4375000000000001 0.7822265625
33 0.4541015625000001 0.7568359375 0.4433593750000001 0.7568359375 0.4433593750000001 0.779296875 0.4541015625000001 0.779296875
40 0.4716796875000001 0.75390625 0.4599609375000001 0.75390625 0.4599609375000001 0.77734375 0.4716796875000001 0.77734375
37 0.4882812500000001 0.7509765625 0.4765625000000001 0.7509765625 0.4765625000000001 0.7744140625 0.4882812500000001 0.7744140625