49 0.4082031250000001 0.580078125 0.3984375000000001 0.580078125 0.3984375000000001 0.599609375 0.4082031250000001 0.599609375
32 0.4218750000000001 0.5810546875 0.4121093750000001 0.5810546875 0.4121093750000001 0.6005859375 0.4218750000000001 0.6005859375
54 0.4345703125000001 0.5810546875 0.4248046875000001 0.5810546875 0.4248046875000001 0.6015625 0.4345703125000001 0.6015625
40 0.4482421875000001 0.58203125 0.4384765625000001 0.58203125 0.4384765625000001 0.6015625 0.4482421875000001 0.6015625
49 0.4619140625000001 0.583984375 0.4521484375000001 0.583984375 0.4521484375000001 0.603515625 0.4619140625000001 0.603515625
41 0.4892578125000001 0.5849609375 0.4785156250000001 0.5849609375 0.4785156250000001 0.6044921875 0.4892578125000001 0.6044921875
26 0.501953125 0.5859375 0.4921875000000001 0.5859375 0.4921875000000001 0.6064453125 0.501953125 0.6064453125
42 0.5166015625 0.5869140625 0.505859375 0.5869140625 0.505859375 0.60546875 0.5166015625 0.60546875
43 0.5302734375 0.5869140625 0.51953125 0.5869140625 0.51953125 0.6064453125 0.5302734375 0.6064453125
40 0.5439453125 0.587890625 0.533203125 0.587890625 0.533203125 0.607421875 0.5439453125 0.607421875
39 0.55859375 0.587890625 0.5478515625 0.587890625 0.5478515625 0.607421875 0.55859375 0.607421875
19 0.5712890625 0.587890625 0.5615234375 0.587890625 0.5615234375 0.6083984375 0.5712890625 0.6083984375
36 0.5849609375 0.5888671875 0.5751953125 0.5888671875 0.5751953125 0.6083984375 0.5849609375 0.6083984375
19 0.5986328125 0.5888671875 0.58984375 0.5888671875 0.58984375 0.6083984375 0.5986328125 0.6083984375
47 0.61328125 0.5888671875 0.603515625 0.5888671875 0.603515625 0.609375 0.61328125 0.609375
41 0.4091796875000001 0.6064453125 0.3994140625000001 0.6064453125 0.3994140625000001 0.626953125 0.4091796875000001 0.626953125
40 0.4218750000000001 0.607421875 0.4121093750000001 0.607421875 0.4121093750000001 0.6279296875 0.4218750000000001 0.6279296875
23 0.4355468750000001 0.6083984375 0.4248046875000001 0.6083984375 0.4248046875000001 0.6298828125 0.4355468750000001 0.6298828125
54 0.4628906250000001 0.6103515625 0.4521484375000001 0.6103515625 0.4521484375000001 0.6298828125 0.4628906250000001 0.6298828125
39 0.4755859375000001 0.611328125 0.4658203125000001 0.611328125 0.4658203125000001 0.630859375 0.4755859375000001 0.630859375
19 0.4892578125000001 0.611328125 0.4794921875000001 0.611328125 0.4794921875000001 0.630859375 0.4892578125000001 0.630859375
33 0.501953125 0.6123046875 0.4921875000000001 0.6123046875 0.4921875000000001 0.6318359375 0.501953125 0.6318359375
40 0.5166015625 0.61328125 0.505859375 0.61328125 0.505859375 0.6318359375 0.5166015625 0.6318359375
37 0.5302734375 0.61328125 0.51953125 0.61328125 0.51953125 0.6328125 0.5302734375 0.6328125