19 0.3203125 0.4208984375 0.3095703125 0.4208984375 0.3095703125 0.44140625 0.3203125 0.44140625
51 0.33203125 0.4228515625 0.3212890625 0.4228515625 0.3212890625 0.443359375 0.33203125 0.443359375
23 0.3447265625 0.423828125 0.3349609375 0.423828125 0.3349609375 0.4443359375 0.3447265625 0.4443359375
30 0.3583984375 0.42578125 0.3466796875 0.42578125 0.3466796875 0.4453125 0.3583984375 0.4453125
46 0.37109375 0.427734375 0.3603515625 0.427734375 0.3603515625 0.4462890625 0.37109375 0.4462890625
40 0.3828125 0.427734375 0.3720703125 0.427734375 0.3720703125 0.4482421875 0.3828125 0.4482421875
42 0.3955078125 0.4296875 0.384765625 0.4296875 0.384765625 0.44921875 0.3955078125 0.44921875
30 0.408203125 0.431640625 0.3974609375 0.431640625 0.3974609375 0.451171875 0.408203125 0.451171875
52 0.419921875 0.4326171875 0.41015625 0.4326171875 0.41015625 0.4521484375 0.419921875 0.4521484375
23 0.43750000000000006 0.4345703125 0.427734375 0.4345703125 0.42773437500000006 0.4541015625 0.4375000000000001 0.4541015625
36 0.44921875000000006 0.435546875 0.439453125 0.435546875 0.43945312500000006 0.455078125 0.4492187500000001 0.455078125
52 0.46191406250000006 0.43750000000000006 0.4521484375 0.4375 0.45214843750000006 0.45703125000000006 0.4619140625000001 0.4570312500000001
43 0.47949218750000006 0.4404296875000001 0.46875 0.4404296875000001 0.46875000000000006 0.4589843750000001 0.4794921875000001 0.4589843750000001
19 0.49121093750000006 0.4414062500000001 0.48046875 0.4414062500000001 0.48046875000000006 0.4599609375000001 0.4912109375000001 0.4599609375000001
37 0.5029296875 0.4423828125000001 0.4921875 0.4423828125000001 0.49218750000000006 0.4619140625000001 0.5029296875 0.4619140625000001
40 0.513671875 0.4433593750000001 0.50390625 0.4433593750000001 0.50390625 0.4619140625000001 0.513671875 0.4619140625000001
43 0.525390625 0.4453125000000001 0.5146484375 0.4453125000000001 0.5146484375 0.4638671875000001 0.525390625 0.4638671875000001
46 0.537109375 0.4462890625000001 0.5263671875 0.4462890625000001 0.5263671875 0.4648437500000001 0.537109375 0.4648437500000001
40 0.5478515625 0.4482421875000001 0.5380859375 0.4482421875000001 0.5380859375 0.4667968750000001 0.5478515625 0.4667968750000001
52 0.5595703125 0.4482421875000001 0.5498046875 0.4482421875000001 0.5498046875 0.4677734375000001 0.5595703125 0.4677734375000001
46 0.5712890625 0.4501953125000001 0.5615234375 0.4501953125000001 0.5615234375 0.4687500000000001 0.5712890625 0.4687500000000001
26 0.58203125 0.4511718750000001 0.572265625 0.4511718750000001 0.572265625 0.4707031250000001 0.58203125 0.4707031250000001
36 0.5927734375 0.4531250000000001 0.5830078125 0.4531250000000001 0.5830078125 0.4716796875000001 0.5927734375 0.4716796875000001
38 0.6044921875 0.4550781250000001 0.5947265625 0.4550781250000001 0.5947265625 0.4726562500000001 0.6044921875 0.4726562500000001
39 0.615234375 0.4550781250000001 0.6064453125 0.4550781250000001 0.6064453125 0.4736328125000001 0.615234375 0.4736328125000001
40 0.6259765625 0.4560546875000001 0.6171875 0.4560546875000001 0.6171875 0.4746093750000001 0.6259765625 0.4746093750000001
31 0.6376953125 0.4570312500000001 0.6279296875 0.4570312500000001 0.6279296875 0.4755859375000001 0.6376953125 0.4755859375000001
42 0.6533203125 0.4589843750000001 0.64453125 0.4589843750000001 0.64453125 0.4775390625000001 0.6533203125 0.4775390625000001
19 0.6640625 0.4599609375000001 0.6552734375 0.4599609375000001 0.6552734375 0.4775390625000001 0.6640625 0.4775390625000001
20 0.67578125 0.4619140625000001 0.666015625 0.4619140625000001 0.666015625 0.4794921875000001 0.67578125 0.4794921875000001
40 0.685546875 0.4628906250000001 0.6767578125 0.4628906250000001 0.6767578125 0.4804687500000001 0.685546875 0.4804687500000001
46 0.697265625 0.4638671875000001 0.6875 0.4638671875000001 0.6875 0.4824218750000001 0.697265625 0.4824218750000001
32 0.7080078125 0.4658203125000001 0.6982421875 0.4658203125000001 0.6982421875 0.4833984375000001 0.7080078125 0.4833984375000001