40 0.21679687500000006 0.443359375 0.20214843750000006 0.443359375 0.20214843750000006 0.4794921875 0.21679687500000006 0.4794921875
40 0.23437500000000006 0.44140625 0.22070312500000006 0.44140625 0.22070312500000006 0.4765625 0.23437500000000006 0.4765625
40 0.25292968750000006 0.439453125 0.23828125000000006 0.439453125 0.23828125000000006 0.4765625 0.2529296875000001 0.4765625
34 0.28027343750000006 0.4345703125 0.265625 0.4345703125 0.26562500000000006 0.47265625 0.2802734375000001 0.47265625
28 0.29980468750000006 0.4345703125 0.283203125 0.4345703125 0.28320312500000006 0.47265625 0.2998046875000001 0.47265625
30 0.31835937500000006 0.431640625 0.3037109375 0.431640625 0.30371093750000006 0.4697265625 0.3183593750000001 0.4697265625
23 0.33886718750000006 0.4287109375 0.322265625 0.4287109375 0.32226562500000006 0.466796875 0.3388671875000001 0.466796875
24 0.36914062500000006 0.4296875 0.3515625 0.4296875 0.35156250000000006 0.4638671875 0.3691406250000001 0.4638671875
23 0.39843750000000006 0.4208984375 0.3818359375 0.4208984375 0.38183593750000006 0.4619140625 0.3984375000000001 0.4619140625
26 0.42089843750000006 0.419921875 0.4033203125 0.419921875 0.40332031250000006 0.4599609375 0.4208984375000001 0.4599609375
44 0.44335937500000006 0.4169921875 0.4248046875 0.4169921875 0.42480468750000006 0.45703125 0.4433593750000001 0.45703125
53 0.46386718750000006 0.41406250000000006 0.4453125 0.4140625 0.44531250000000006 0.45410156250000006 0.4638671875000001 0.4541015625000001
49 0.4873046875 0.4091796875000001 0.46875 0.4091796875000001 0.46875 0.4492187500000001 0.4873046875 0.4492187500000001
19 0.5087890625 0.4072265625000001 0.490234375 0.4072265625000001 0.490234375 0.4472656250000001 0.5087890625 0.4472656250000001
52 0.5341796875 0.4042968750000001 0.5146484375 0.4042968750000001 0.5146484375 0.4462890625000001 0.5341796875 0.4462890625000001
19 0.5693359375 0.3994140625000001 0.55078125 0.3994140625000001 0.55078125 0.4404296875000001 0.5693359375 0.4404296875000001
41 0.595703125 0.3955078125000001 0.5751953125 0.3955078125000001 0.5751953125 0.4394531250000001 0.595703125 0.4394531250000001
46 0.6220703125 0.3916015625000001 0.6025390625 0.3916015625000001 0.6025390625 0.4345703125000001 0.6220703125 0.4345703125000001
26 0.650390625 0.3896484375000001 0.6279296875 0.3896484375000001 0.6279296875 0.4335937500000001 0.650390625 0.4335937500000001
33 0.677734375 0.3857421875000001 0.65625 0.3857421875000001 0.65625 0.4287109375000001 0.677734375 0.4287109375000001
19 0.705078125 0.3818359375000001 0.6845703125 0.3818359375000001 0.6845703125 0.4267578125000001 0.705078125 0.4267578125000001
35 0.7373046875 0.3779296875000001 0.71484375 0.3779296875000001 0.71484375 0.4228515625000001 0.7373046875 0.4228515625000001
19 0.2929687500000001 0.4853515625 0.2763671875000001 0.4853515625 0.2763671875000001 0.5224609375 0.2929687500000001 0.5224609375
41 0.3095703125000001 0.4833984375 0.2949218750000001 0.4833984375 0.2949218750000001 0.51953125 0.3095703125000001 0.51953125
46 0.3300781250000001 0.48046875 0.3154296875000001 0.48046875 0.3154296875000001 0.517578125 0.3300781250000001 0.517578125
26 0.3486328125000001 0.4794921875 0.3349609375000001 0.4794921875 0.3349609375000001 0.5185546875 0.3486328125000001 0.5185546875
22 0.3701171875000001 0.4755859375 0.3544921875000001 0.4755859375 0.3544921875000001 0.513671875 0.3701171875000001 0.513671875
39 0.3906250000000001 0.47265625 0.3740234375000001 0.47265625 0.3740234375000001 0.5126953125 0.3906250000000001 0.5126953125
32 0.4130859375000001 0.4716796875 0.3964843750000001 0.4716796875 0.3964843750000001 0.5126953125 0.4130859375000001 0.5126953125
31 0.4335937500000001 0.470703125 0.4169921875000001 0.470703125 0.4169921875000001 0.5087890625 0.4335937500000001 0.5087890625
41 0.4658203125000001 0.46777343750000006 0.4492187500000001 0.4677734375 0.4492187500000001 0.5068359375 0.4658203125000001 0.5068359375
51 0.4902343750000001 0.4658203125000001 0.4716796875000001 0.4658203125000001 0.4716796875000001 0.505859375 0.4902343750000001 0.505859375
39 0.513671875 0.4628906250000001 0.4951171875000001 0.4628906250000001 0.4951171875000001 0.50390625 0.513671875 0.50390625
33 0.5380859375 0.4619140625000001 0.5185546875 0.4619140625000001 0.5185546875 0.50390625 0.5380859375 0.50390625
46 0.5615234375 0.4589843750000001 0.54296875 0.4589843750000001 0.54296875 0.5 0.5615234375 0.5
42 0.20605468750000006 0.5419921875 0.19140625000000006 0.5419921875 0.19140625000000006 0.576171875 0.20605468750000006 0.576171875
26 0.22363281250000006 0.541015625 0.20996093750000006 0.541015625 0.20996093750000006 0.5771484375 0.22363281250000006 0.5771484375
29 0.24218750000000006 0.5400390625 0.22753906250000006 0.5400390625 0.22753906250000006 0.5751953125 0.24218750000000006 0.5751953125
30 0.2597656250000001 0.5390625 0.24609375000000006 0.5390625 0.24609375000000006 0.5751953125 0.2597656250000001 0.5751953125
37 0.2783203125000001 0.5361328125 0.2646484375000001 0.5361328125 0.2646484375000001 0.5712890625 0.2783203125000001 0.5712890625
42 0.3066406250000001 0.53515625 0.2910156250000001 0.53515625 0.2910156250000001 0.5712890625 0.3066406250000001 0.5712890625
19 0.3271484375000001 0.533203125 0.3115234375000001 0.533203125 0.3115234375000001 0.5712890625 0.3271484375000001 0.5712890625
20 0.3476562500000001 0.5322265625 0.3300781250000001 0.5322265625 0.3300781250000001 0.5693359375 0.3476562500000001 0.5693359375
40 0.3671875000000001 0.5302734375 0.3505859375000001 0.5302734375 0.3505859375000001 0.568359375 0.3671875000000001 0.568359375
46 0.3886718750000001 0.529296875 0.3720703125000001 0.529296875 0.3720703125000001 0.56640625 0.3886718750000001 0.56640625
32 0.4091796875000001 0.5263671875 0.3925781250000001 0.5263671875 0.3925781250000001 0.5654296875 0.4091796875000001 0.5654296875
43 0.4404296875000001 0.5244140625 0.4238281250000001 0.5244140625 0.4238281250000001 0.5634765625 0.4404296875000001 0.5634765625
47 0.4970703125000001 0.5224609375 0.4794921875000001 0.5224609375 0.4794921875000001 0.5615234375 0.4970703125000001 0.5615234375
23 0.5810546875 0.513671875 0.5625 0.513671875 0.5625 0.5556640625 0.5810546875 0.5556640625
40 0.609375 0.51171875 0.587890625 0.51171875 0.587890625 0.556640625 0.609375 0.556640625
47 0.7060546875 0.5068359375 0.6826171875 0.5068359375 0.6826171875 0.5517578125 0.7060546875 0.5517578125
20 0.24414062500000006 0.5888671875 0.22851562500000006 0.5888671875 0.22851562500000006 0.625 0.24414062500000006 0.625
26 0.2607421875000001 0.5869140625 0.24511718750000006 0.5869140625 0.24511718750000006 0.623046875 0.2607421875000001 0.623046875
54 0.2802734375000001 0.5859375 0.2646484375000001 0.5859375 0.2646484375000001 0.623046875 0.2802734375000001 0.623046875
41 0.3076171875000001 0.5849609375 0.2919921875000001 0.5849609375 0.2919921875000001 0.62109375 0.3076171875000001 0.62109375
26 0.3271484375000001 0.5849609375 0.3115234375000001 0.5849609375 0.3115234375000001 0.6220703125 0.3271484375000001 0.6220703125
42 0.3486328125000001 0.5849609375 0.3320312500000001 0.5849609375 0.3320312500000001 0.6220703125 0.3486328125000001 0.6220703125
26 0.3691406250000001 0.58203125 0.3515625000000001 0.58203125 0.3515625000000001 0.6201171875 0.3691406250000001 0.6201171875
42 0.3886718750000001 0.5810546875 0.3720703125000001 0.5810546875 0.3720703125000001 0.619140625 0.3886718750000001 0.619140625
32 0.4101562500000001 0.58203125 0.3935546875000001 0.58203125 0.3935546875000001 0.6201171875 0.4101562500000001 0.6201171875
49 0.4326171875000001 0.580078125 0.4150390625000001 0.580078125 0.4150390625000001 0.619140625 0.4326171875000001 0.619140625
19 0.4541015625000001 0.580078125 0.4365234375000001 0.580078125 0.4365234375000001 0.615234375 0.4541015625000001 0.615234375
30 0.4873046875000001 0.578125 0.4707031250000001 0.578125 0.4707031250000001 0.6171875 0.4873046875000001 0.6171875
49 0.5224609375 0.5771484375 0.5048828125 0.5771484375 0.5048828125 0.6171875 0.5224609375 0.6171875
32 0.5478515625 0.5771484375 0.5283203125 0.5771484375 0.5283203125 0.6171875 0.5478515625 0.6171875
50 0.572265625 0.576171875 0.5537109375 0.576171875 0.5537109375 0.6171875 0.572265625 0.6171875
40 0.59765625 0.57421875 0.576171875 0.57421875 0.576171875 0.6142578125 0.59765625 0.6142578125
23 0.623046875 0.572265625 0.603515625 0.572265625 0.603515625 0.615234375 0.623046875 0.615234375
39 0.65234375 0.5712890625 0.6298828125 0.5712890625 0.6298828125 0.615234375 0.65234375 0.615234375
32 0.6796875 0.5703125 0.6591796875 0.5703125 0.6591796875 0.6142578125 0.6796875 0.6142578125
50 0.708984375 0.5703125 0.6865234375 0.5703125 0.6865234375 0.615234375 0.708984375 0.615234375