33 0.38671875 0.3671875 0.3779296875 0.3671875 0.3779296875 0.384765625 0.38671875 0.384765625
19 0.3974609375 0.3662109375 0.388671875 0.3662109375 0.388671875 0.3828125 0.3974609375 0.3828125
27 0.408203125 0.3662109375 0.3994140625 0.3662109375 0.3994140625 0.3837890625 0.408203125 0.3837890625
26 0.4189453125 0.365234375 0.41015625 0.365234375 0.41015625 0.3837890625 0.4189453125 0.3837890625
23 0.4296875 0.365234375 0.4208984375 0.365234375 0.4208984375 0.3828125 0.4296875 0.3828125
42 0.4404296875 0.365234375 0.431640625 0.365234375 0.431640625 0.3828125 0.4404296875 0.3828125
19 0.451171875 0.3642578125 0.443359375 0.3642578125 0.443359375 0.380859375 0.451171875 0.380859375
46 0.4677734375 0.3632812500000001 0.458984375 0.3632812500000001 0.458984375 0.3818359375000001 0.4677734375 0.3818359375000001
26 0.4794921875 0.3632812500000001 0.4697265625 0.3632812500000001 0.4697265625 0.3818359375000001 0.4794921875 0.3818359375000001
40 0.4912109375 0.3632812500000001 0.4814453125 0.3632812500000001 0.4814453125 0.3808593750000001 0.4912109375 0.3808593750000001
42 0.501953125 0.3632812500000001 0.4921875 0.3632812500000001 0.4921875 0.3818359375000001 0.501953125 0.3818359375000001
30 0.5126953125 0.3613281250000001 0.50390625 0.3613281250000001 0.50390625 0.3798828125000001 0.5126953125 0.3798828125000001
30 0.5244140625 0.3613281250000001 0.5146484375 0.3613281250000001 0.5146484375 0.3798828125000001 0.5244140625 0.3798828125000001
51 0.541015625 0.3613281250000001 0.53125 0.3613281250000001 0.53125 0.3798828125000001 0.541015625 0.3798828125000001
41 0.552734375 0.3603515625000001 0.54296875 0.3603515625000001 0.54296875 0.3789062500000001 0.552734375 0.3789062500000001
42 0.564453125 0.3603515625000001 0.5546875 0.3603515625000001 0.5546875 0.3789062500000001 0.564453125 0.3789062500000001
51 0.5751953125 0.3593750000000001 0.5654296875 0.3593750000000001 0.5654296875 0.3779296875000001 0.5751953125 0.3779296875000001
28 0.587890625 0.3583984375000001 0.578125 0.3583984375000001 0.578125 0.3789062500000001 0.587890625 0.3789062500000001
40 0.5986328125 0.3583984375000001 0.5888671875 0.3583984375000001 0.5888671875 0.3769531250000001 0.5986328125 0.3769531250000001
43 0.6103515625 0.3574218750000001 0.6005859375 0.3574218750000001 0.6005859375 0.3759765625000001 0.6103515625 0.3759765625000001
46 0.6220703125 0.3574218750000001 0.6123046875 0.3574218750000001 0.6123046875 0.3769531250000001 0.6220703125 0.3769531250000001
30 0.634765625 0.3564453125000001 0.625 0.3564453125000001 0.625 0.3769531250000001 0.634765625 0.3769531250000001