33 0.4375000000000001 0.599609375 0.4306640625000001 0.599609375 0.4306640625000001 0.6162109375 0.4375000000000001 0.6162109375
40 0.4482421875000001 0.599609375 0.4394531250000001 0.599609375 0.4394531250000001 0.6171875 0.4482421875000001 0.6171875
37 0.4570312500000001 0.599609375 0.4501953125000001 0.599609375 0.4501953125000001 0.6171875 0.4570312500000001 0.6171875
41 0.4677734375000001 0.599609375 0.4599609375000001 0.599609375 0.4599609375000001 0.6171875 0.4677734375000001 0.6171875
38 0.4765625000000001 0.5986328125 0.4687500000000001 0.5986328125 0.4687500000000001 0.6162109375 0.4765625000000001 0.6162109375
48 0.4863281250000001 0.5986328125 0.4785156250000001 0.5986328125 0.4785156250000001 0.6162109375 0.4863281250000001 0.6162109375
46 0.4960937500000001 0.5986328125 0.4882812500000001 0.5986328125 0.4882812500000001 0.6162109375 0.4960937500000001 0.6162109375
26 0.505859375 0.5986328125 0.4980468750000001 0.5986328125 0.4980468750000001 0.6162109375 0.505859375 0.6162109375
42 0.5146484375 0.599609375 0.5068359375 0.599609375 0.5068359375 0.6162109375 0.5146484375 0.6162109375
39 0.5244140625 0.6005859375 0.5166015625 0.6005859375 0.5166015625 0.6171875 0.5244140625 0.6171875
32 0.5341796875 0.599609375 0.5263671875 0.599609375 0.5263671875 0.6162109375 0.5341796875 0.6162109375
31 0.5439453125 0.599609375 0.5361328125 0.599609375 0.5361328125 0.6162109375 0.5439453125 0.6162109375
33 0.5576171875 0.6005859375 0.548828125 0.6005859375 0.548828125 0.6171875 0.5576171875 0.6171875
36 0.5673828125 0.599609375 0.55859375 0.599609375 0.55859375 0.6162109375 0.5673828125 0.6162109375
19 0.5771484375 0.599609375 0.568359375 0.599609375 0.568359375 0.6162109375 0.5771484375 0.6162109375
43 0.5859375 0.599609375 0.578125 0.599609375 0.578125 0.6162109375 0.5859375 0.6162109375
43 0.595703125 0.6005859375 0.5869140625 0.6005859375 0.5869140625 0.6171875 0.595703125 0.6171875
51 0.3750000000000001 0.6201171875 0.3671875000000001 0.6201171875 0.3671875000000001 0.6376953125 0.3750000000000001 0.6376953125
22 0.3857421875000001 0.62109375 0.3769531250000001 0.62109375 0.3769531250000001 0.6376953125 0.3857421875000001 0.6376953125
26 0.3955078125000001 0.6201171875 0.3867187500000001 0.6201171875 0.3867187500000001 0.63671875 0.3955078125000001 0.63671875
20 0.4052734375000001 0.62109375 0.3964843750000001 0.62109375 0.3964843750000001 0.6376953125 0.4052734375000001 0.6376953125
39 0.4140625000000001 0.62109375 0.4062500000000001 0.62109375 0.4062500000000001 0.63671875 0.4140625000000001 0.63671875
19 0.4238281250000001 0.6201171875 0.4160156250000001 0.6201171875 0.4160156250000001 0.63671875 0.4238281250000001 0.63671875
52 0.4345703125000001 0.62109375 0.4257812500000001 0.62109375 0.4257812500000001 0.638671875 0.4345703125000001 0.638671875
19 0.4482421875000001 0.6220703125 0.4394531250000001 0.6220703125 0.4394531250000001 0.6376953125 0.4482421875000001 0.6376953125
51 0.4580078125000001 0.62109375 0.4492187500000001 0.62109375 0.4492187500000001 0.6376953125 0.4580078125000001 0.6376953125
23 0.4677734375000001 0.62109375 0.4589843750000001 0.62109375 0.4589843750000001 0.6376953125 0.4677734375000001 0.6376953125
30 0.4775390625000001 0.62109375 0.4687500000000001 0.62109375 0.4687500000000001 0.6376953125 0.4775390625000001 0.6376953125
46 0.4863281250000001 0.62109375 0.4785156250000001 0.62109375 0.4785156250000001 0.6376953125 0.4863281250000001 0.6376953125
40 0.4951171875000001 0.62109375 0.4882812500000001 0.62109375 0.4882812500000001 0.63671875 0.4951171875000001 0.63671875
42 0.505859375 0.6220703125 0.4970703125000001 0.6220703125 0.4970703125000001 0.6376953125 0.505859375 0.6376953125
30 0.515625 0.62109375 0.5068359375 0.62109375 0.5068359375 0.63671875 0.515625 0.63671875
52 0.5244140625 0.6220703125 0.5166015625 0.6220703125 0.5166015625 0.6376953125 0.5244140625 0.6376953125
23 0.5380859375 0.6220703125 0.5302734375 0.6220703125 0.5302734375 0.6376953125 0.5380859375 0.6376953125
36 0.5478515625 0.6220703125 0.5400390625 0.6220703125 0.5400390625 0.63671875 0.5478515625 0.63671875
52 0.5576171875 0.6220703125 0.548828125 0.6220703125 0.548828125 0.6376953125 0.5576171875 0.6376953125
41 0.5712890625 0.6220703125 0.5634765625 0.6220703125 0.5634765625 0.6376953125 0.5712890625 0.6376953125
42 0.580078125 0.6220703125 0.5732421875 0.6220703125 0.5732421875 0.6376953125 0.580078125 0.6376953125
40 0.58984375 0.6220703125 0.5810546875 0.6220703125 0.5810546875 0.6376953125 0.58984375 0.6376953125
49 0.6005859375 0.6220703125 0.591796875 0.6220703125 0.591796875 0.6376953125 0.6005859375 0.6376953125
26 0.609375 0.6220703125 0.6005859375 0.6220703125 0.6005859375 0.6376953125 0.609375 0.6376953125
23 0.6181640625 0.6220703125 0.6103515625 0.6220703125 0.6103515625 0.6376953125 0.6181640625 0.6376953125
26 0.62890625 0.6220703125 0.6201171875 0.6220703125 0.6201171875 0.6376953125 0.62890625 0.6376953125
39 0.6376953125 0.6220703125 0.62890625 0.6220703125 0.62890625 0.638671875 0.6376953125 0.638671875
30 0.646484375 0.6220703125 0.638671875 0.6220703125 0.638671875 0.6376953125 0.646484375 0.6376953125
52 0.65625 0.6220703125 0.6484375 0.6220703125 0.6484375 0.638671875 0.65625 0.638671875
36 0.2802734375000001 0.6435546875 0.2705078125000001 0.6435546875 0.2705078125000001 0.6591796875 0.2802734375000001 0.6591796875
19 0.2890625000000001 0.6435546875 0.2802734375000001 0.6435546875 0.2802734375000001 0.658203125 0.2890625000000001 0.658203125
20 0.2998046875000001 0.6435546875 0.2900390625000001 0.6435546875 0.2900390625000001 0.658203125 0.2998046875000001 0.658203125
40 0.3095703125000001 0.642578125 0.3007812500000001 0.642578125 0.3007812500000001 0.6591796875 0.3095703125000001 0.6591796875
42 0.3193359375000001 0.642578125 0.3095703125000001 0.642578125 0.3095703125000001 0.6591796875 0.3193359375000001 0.6591796875
19 0.3291015625000001 0.642578125 0.3203125000000001 0.642578125 0.3203125000000001 0.658203125 0.3291015625000001 0.658203125
46 0.3388671875000001 0.642578125 0.3300781250000001 0.642578125 0.3300781250000001 0.6591796875 0.3388671875000001 0.6591796875
40 0.3476562500000001 0.6435546875 0.3398437500000001 0.6435546875 0.3398437500000001 0.6591796875 0.3476562500000001 0.6591796875
42 0.3583984375000001 0.6435546875 0.3496093750000001 0.6435546875 0.3496093750000001 0.6591796875 0.3583984375000001 0.6591796875
39 0.3671875000000001 0.642578125 0.3593750000000001 0.642578125 0.3593750000000001 0.6591796875 0.3671875000000001 0.6591796875
32 0.3779296875000001 0.6435546875 0.3691406250000001 0.6435546875 0.3691406250000001 0.6591796875 0.3779296875000001 0.6591796875
50 0.3876953125000001 0.642578125 0.3789062500000001 0.642578125 0.3789062500000001 0.6591796875 0.3876953125000001 0.6591796875
55 0.3974609375000001 0.642578125 0.3886718750000001 0.642578125 0.3886718750000001 0.658203125 0.3974609375000001 0.658203125
41 0.4121093750000001 0.6435546875 0.4033203125000001 0.6435546875 0.4033203125000001 0.658203125 0.4121093750000001 0.658203125
42 0.4208984375000001 0.6435546875 0.4130859375000001 0.6435546875 0.4130859375000001 0.6591796875 0.4208984375000001 0.6591796875
19 0.4306640625000001 0.6435546875 0.4228515625000001 0.6435546875 0.4228515625000001 0.658203125 0.4306640625000001 0.658203125
33 0.4414062500000001 0.6435546875 0.4326171875000001 0.6435546875 0.4326171875000001 0.6591796875 0.4414062500000001 0.6591796875
46 0.4501953125000001 0.642578125 0.4423828125000001 0.642578125 0.4423828125000001 0.658203125 0.4501953125000001 0.658203125
30 0.4599609375000001 0.642578125 0.4521484375000001 0.642578125 0.4521484375000001 0.658203125 0.4599609375000001 0.658203125
22 0.4707031250000001 0.642578125 0.4619140625000001 0.642578125 0.4619140625000001 0.6591796875 0.4707031250000001 0.6591796875
26 0.4794921875000001 0.6435546875 0.4707031250000001 0.6435546875 0.4707031250000001 0.6591796875 0.4794921875000001 0.6591796875
43 0.4892578125000001 0.6435546875 0.4804687500000001 0.6435546875 0.4804687500000001 0.6591796875 0.4892578125000001 0.6591796875
33 0.4990234375000001 0.642578125 0.4902343750000001 0.642578125 0.4902343750000001 0.658203125 0.4990234375000001 0.658203125
30 0.5078125 0.642578125 0.4990234375000001 0.642578125 0.4990234375000001 0.6591796875 0.5078125 0.6591796875
50 0.5185546875 0.642578125 0.5087890625 0.642578125 0.5087890625 0.6591796875 0.5185546875 0.6591796875
30 0.5322265625 0.642578125 0.5234375 0.642578125 0.5234375 0.6591796875 0.5322265625 0.6591796875
43 0.544921875 0.6435546875 0.537109375 0.6435546875 0.537109375 0.6591796875 0.544921875 0.6591796875
19 0.5546875 0.6435546875 0.546875 0.6435546875 0.546875 0.658203125 0.5546875 0.658203125
37 0.5634765625 0.6435546875 0.5556640625 0.6435546875 0.5556640625 0.6591796875 0.5634765625 0.6591796875
40 0.5732421875 0.6435546875 0.5654296875 0.6435546875 0.5654296875 0.6591796875 0.5732421875 0.6591796875
43 0.583984375 0.6435546875 0.5751953125 0.6435546875 0.5751953125 0.6591796875 0.583984375 0.6591796875
46 0.5927734375 0.6435546875 0.583984375 0.6435546875 0.583984375 0.6591796875 0.5927734375 0.6591796875
40 0.6025390625 0.6435546875 0.59375 0.6435546875 0.59375 0.6591796875 0.6025390625 0.6591796875
52 0.611328125 0.6435546875 0.6025390625 0.6435546875 0.6025390625 0.6591796875 0.611328125 0.6591796875
46 0.6201171875 0.6435546875 0.6123046875 0.6435546875 0.6123046875 0.658203125 0.6201171875 0.658203125
26 0.630859375 0.6435546875 0.6220703125 0.6435546875 0.6220703125 0.658203125 0.630859375 0.658203125
36 0.640625 0.6435546875 0.6318359375 0.6435546875 0.6318359375 0.6591796875 0.640625 0.6591796875
38 0.6484375 0.6435546875 0.640625 0.6435546875 0.640625 0.6591796875 0.6484375 0.6591796875
39 0.6591796875 0.64453125 0.650390625 0.64453125 0.650390625 0.66015625 0.6591796875 0.66015625
32 0.6689453125 0.64453125 0.66015625 0.64453125 0.66015625 0.66015625 0.6689453125 0.66015625
50 0.677734375 0.6435546875 0.6689453125 0.6435546875 0.6689453125 0.6591796875 0.677734375 0.6591796875
54 0.6904296875 0.64453125 0.6826171875 0.64453125 0.6826171875 0.6591796875 0.6904296875 0.6591796875
19 0.7001953125 0.6435546875 0.69140625 0.6435546875 0.69140625 0.6591796875 0.7001953125 0.6591796875
39 0.708984375 0.6435546875 0.701171875 0.6435546875 0.701171875 0.6591796875 0.708984375 0.6591796875
52 0.7197265625 0.64453125 0.7109375 0.64453125 0.7109375 0.66015625 0.7197265625 0.66015625
46 0.728515625 0.64453125 0.720703125 0.64453125 0.720703125 0.6591796875 0.728515625 0.6591796875
30 0.7373046875 0.64453125 0.728515625 0.64453125 0.728515625 0.66015625 0.7373046875 0.66015625
31 0.7470703125 0.64453125 0.7373046875 0.64453125 0.7373046875 0.66015625 0.7470703125 0.66015625