40 0.2646484375 0.4033203125 0.25 0.4033203125 0.25 0.4375 0.2646484375 0.4375
40 0.283203125 0.4033203125 0.26953125 0.4033203125 0.26953125 0.435546875 0.283203125 0.435546875
40 0.302734375 0.4013671875 0.2890625 0.4013671875 0.2890625 0.435546875 0.302734375 0.435546875
34 0.33203125 0.400390625 0.3173828125 0.400390625 0.3173828125 0.4326171875 0.33203125 0.4326171875
28 0.353515625 0.3994140625 0.337890625 0.3994140625 0.337890625 0.43359375 0.353515625 0.43359375
30 0.373046875 0.3974609375 0.357421875 0.3974609375 0.357421875 0.4326171875 0.373046875 0.4326171875
23 0.3935546875 0.396484375 0.3779296875 0.396484375 0.3779296875 0.4306640625 0.3935546875 0.4306640625
24 0.423828125 0.3974609375 0.408203125 0.3974609375 0.408203125 0.4296875 0.423828125 0.4296875
23 0.455078125 0.39257812500000006 0.4384765625 0.392578125 0.4384765625 0.42871093750000006 0.455078125 0.4287109375000001
26 0.4765625 0.3906250000000001 0.4599609375 0.3906250000000001 0.4599609375 0.4277343750000001 0.4765625 0.4277343750000001
44 0.498046875 0.3906250000000001 0.4814453125 0.3906250000000001 0.4814453125 0.4277343750000001 0.498046875 0.4277343750000001
53 0.5205078125 0.3876953125000001 0.50390625 0.3876953125000001 0.50390625 0.4248046875000001 0.5205078125 0.4248046875000001
49 0.54296875 0.3876953125000001 0.5244140625 0.3876953125000001 0.5244140625 0.4228515625000001 0.54296875 0.4228515625000001
19 0.5654296875 0.3857421875000001 0.5478515625 0.3857421875000001 0.5478515625 0.4199218750000001 0.5654296875 0.4199218750000001
52 0.5888671875 0.3837890625000001 0.5703125 0.3837890625000001 0.5703125 0.4208984375000001 0.5888671875 0.4208984375000001
19 0.623046875 0.3818359375000001 0.60546875 0.3818359375000001 0.60546875 0.4179687500000001 0.623046875 0.4179687500000001
41 0.646484375 0.3789062500000001 0.62890625 0.3789062500000001 0.62890625 0.4179687500000001 0.646484375 0.4179687500000001
46 0.671875 0.3769531250000001 0.654296875 0.3769531250000001 0.654296875 0.4150390625000001 0.671875 0.4150390625000001
26 0.6982421875 0.3769531250000001 0.677734375 0.3769531250000001 0.677734375 0.4130859375000001 0.6982421875 0.4130859375000001
33 0.72265625 0.3740234375000001 0.703125 0.3740234375000001 0.703125 0.4130859375000001 0.72265625 0.4130859375000001
19 0.7490234375 0.3730468750000001 0.728515625 0.3730468750000001 0.728515625 0.4111328125000001 0.7490234375 0.4111328125000001
35 0.7763671875 0.3691406250000001 0.755859375 0.3691406250000001 0.755859375 0.4082031250000001 0.7763671875 0.4082031250000001
19 0.34179687500000006 0.4482421875 0.3271484375 0.4482421875 0.32714843750000006 0.48046875 0.3417968750000001 0.48046875
41 0.36132812500000006 0.447265625 0.3466796875 0.447265625 0.34667968750000006 0.4794921875 0.3613281250000001 0.4794921875
46 0.38183593750000006 0.4453125 0.3671875 0.4453125 0.36718750000000006 0.478515625 0.3818359375000001 0.478515625
26 0.40234375000000006 0.443359375 0.388671875 0.443359375 0.38867187500000006 0.4794921875 0.4023437500000001 0.4794921875
22 0.42382812500000006 0.4423828125 0.4072265625 0.4423828125 0.40722656250000006 0.4775390625 0.4238281250000001 0.4775390625
39 0.44531250000000006 0.44140625 0.4296875 0.44140625 0.42968750000000006 0.4765625 0.4453125000000001 0.4765625
32 0.46679687500000006 0.44042968750000006 0.4501953125 0.4404296875 0.45019531250000006 0.47656250000000006 0.4667968750000001 0.4765625000000001
31 0.48925781250000006 0.4404296875000001 0.47265625 0.4404296875000001 0.47265625000000006 0.4746093750000001 0.4892578125000001 0.4746093750000001
41 0.51953125 0.4384765625000001 0.50390625 0.4384765625000001 0.50390625 0.4736328125000001 0.51953125 0.4736328125000001
51 0.54296875 0.4375000000000001 0.5263671875 0.4375000000000001 0.5263671875 0.4736328125000001 0.54296875 0.4736328125000001
39 0.56640625 0.4355468750000001 0.548828125 0.4355468750000001 0.548828125 0.4726562500000001 0.56640625 0.4726562500000001
33 0.5908203125 0.4335937500000001 0.572265625 0.4335937500000001 0.572265625 0.4726562500000001 0.5908203125 0.4726562500000001
46 0.61328125 0.4335937500000001 0.5947265625 0.4335937500000001 0.5947265625 0.4707031250000001 0.61328125 0.4707031250000001
42 0.24609375000000006 0.4970703125 0.23144531250000006 0.4970703125 0.23144531250000006 0.5302734375 0.24609375000000006 0.5302734375
26 0.2666015625000001 0.4970703125 0.2519531250000001 0.4970703125 0.2519531250000001 0.53125 0.2666015625000001 0.53125
29 0.2861328125000001 0.4970703125 0.2714843750000001 0.4970703125 0.2714843750000001 0.5302734375 0.2861328125000001 0.5302734375
30 0.3056640625000001 0.49609375 0.2919921875000001 0.49609375 0.2919921875000001 0.529296875 0.3056640625000001 0.529296875
37 0.3251953125000001 0.494140625 0.3115234375000001 0.494140625 0.3115234375000001 0.52734375 0.3251953125000001 0.52734375
42 0.3554687500000001 0.494140625 0.3408203125000001 0.494140625 0.3408203125000001 0.52734375 0.3554687500000001 0.52734375
19 0.3769531250000001 0.4931640625 0.3613281250000001 0.4931640625 0.3613281250000001 0.5263671875 0.3769531250000001 0.5263671875
20 0.3974609375000001 0.494140625 0.3818359375000001 0.494140625 0.3818359375000001 0.52734375 0.3974609375000001 0.52734375
40 0.4179687500000001 0.4931640625 0.4023437500000001 0.4931640625 0.4023437500000001 0.5263671875 0.4179687500000001 0.5263671875
46 0.4394531250000001 0.4921875 0.4228515625000001 0.4921875 0.4228515625000001 0.52734375 0.4394531250000001 0.52734375
32 0.4609375000000001 0.49121093750000006 0.4443359375000001 0.4912109375 0.4443359375000001 0.5263671875 0.4609375000000001 0.5263671875
43 0.4931640625000001 0.4892578125000001 0.4765625000000001 0.4892578125000001 0.4765625000000001 0.525390625 0.4931640625000001 0.525390625
47 0.5478515625 0.4873046875000001 0.53125 0.4873046875000001 0.53125 0.5244140625 0.5478515625 0.5244140625
23 0.6298828125 0.4853515625000001 0.6123046875 0.4853515625000001 0.6123046875 0.5234375 0.6298828125 0.5234375
40 0.6552734375 0.4824218750000001 0.6357421875 0.4824218750000001 0.6357421875 0.5224609375 0.6552734375 0.5224609375
47 0.7451171875 0.4804687500000001 0.724609375 0.4804687500000001 0.724609375 0.5205078125 0.7451171875 0.5205078125
20 0.2832031250000001 0.544921875 0.2685546875000001 0.544921875 0.2685546875000001 0.576171875 0.2832031250000001 0.576171875
26 0.3037109375000001 0.54296875 0.2890625000000001 0.54296875 0.2890625000000001 0.5751953125 0.3037109375000001 0.5751953125
54 0.3222656250000001 0.5439453125 0.3085937500000001 0.5439453125 0.3085937500000001 0.5771484375 0.3222656250000001 0.5771484375
41 0.3535156250000001 0.5439453125 0.3388671875000001 0.5439453125 0.3388671875000001 0.5771484375 0.3535156250000001 0.5771484375
26 0.3740234375000001 0.54296875 0.3593750000000001 0.54296875 0.3593750000000001 0.576171875 0.3740234375000001 0.576171875
42 0.3964843750000001 0.54296875 0.3798828125000001 0.54296875 0.3798828125000001 0.576171875 0.3964843750000001 0.576171875
26 0.4169921875000001 0.5419921875 0.4013671875000001 0.5419921875 0.4013671875000001 0.576171875 0.4169921875000001 0.576171875
42 0.4375000000000001 0.5419921875 0.4218750000000001 0.5419921875 0.4218750000000001 0.576171875 0.4375000000000001 0.576171875
32 0.4599609375000001 0.541015625 0.4433593750000001 0.541015625 0.4433593750000001 0.576171875 0.4599609375000001 0.576171875
49 0.4824218750000001 0.541015625 0.4658203125000001 0.541015625 0.4658203125000001 0.5751953125 0.4824218750000001 0.5751953125
19 0.5048828125 0.541015625 0.4873046875000001 0.541015625 0.4873046875000001 0.5751953125 0.5048828125 0.5751953125
30 0.537109375 0.5390625 0.5205078125 0.5390625 0.5205078125 0.5771484375 0.537109375 0.5771484375
49 0.5712890625 0.5400390625 0.5537109375 0.5400390625 0.5537109375 0.576171875 0.5712890625 0.576171875
32 0.5947265625 0.5390625 0.5771484375 0.5390625 0.5771484375 0.5751953125 0.5947265625 0.5751953125
50 0.6181640625 0.5400390625 0.6005859375 0.5400390625 0.6005859375 0.576171875 0.6181640625 0.576171875
40 0.6435546875 0.5390625 0.625 0.5390625 0.625 0.5751953125 0.6435546875 0.5751953125
23 0.6689453125 0.5380859375 0.6494140625 0.5380859375 0.6494140625 0.57421875 0.6689453125 0.57421875
39 0.6943359375 0.5380859375 0.6748046875 0.5380859375 0.6748046875 0.5751953125 0.6943359375 0.5751953125
32 0.720703125 0.5390625 0.7001953125 0.5390625 0.7001953125 0.576171875 0.720703125 0.576171875
50 0.7470703125 0.5380859375 0.7265625 0.5380859375 0.7265625 0.576171875 0.7470703125 0.576171875