51 0.2861328125 0.3935546875 0.2744140625 0.3935546875 0.2744140625 0.4169921875 0.2861328125 0.4169921875
22 0.2998046875 0.3935546875 0.2880859375 0.3935546875 0.2880859375 0.41796875 0.2998046875 0.41796875
26 0.314453125 0.39453125 0.3037109375 0.39453125 0.3037109375 0.4189453125 0.314453125 0.4189453125
20 0.330078125 0.3955078125 0.3193359375 0.3955078125 0.3193359375 0.4189453125 0.330078125 0.4189453125
39 0.34375 0.3955078125 0.3330078125 0.3955078125 0.3330078125 0.419921875 0.34375 0.419921875
19 0.3583984375 0.3955078125 0.3466796875 0.3955078125 0.3466796875 0.419921875 0.3583984375 0.419921875
52 0.3740234375 0.3955078125 0.3623046875 0.3955078125 0.3623046875 0.4189453125 0.3740234375 0.4189453125
19 0.3955078125 0.396484375 0.3837890625 0.396484375 0.3837890625 0.4189453125 0.3955078125 0.4189453125
51 0.41015625 0.3974609375 0.3984375 0.3974609375 0.3984375 0.419921875 0.41015625 0.419921875
23 0.4248046875 0.3974609375 0.4130859375 0.3974609375 0.4130859375 0.4208984375 0.4248046875 0.4208984375
30 0.439453125 0.3974609375 0.427734375 0.3974609375 0.427734375 0.4208984375 0.439453125 0.4208984375
46 0.4541015625 0.39843750000000006 0.443359375 0.3984375 0.443359375 0.42187500000000006 0.4541015625 0.4218750000000001
40 0.46875 0.3984375000000001 0.45703125 0.3984375000000001 0.45703125 0.4218750000000001 0.46875 0.4218750000000001
42 0.4833984375 0.3994140625000001 0.4716796875 0.3994140625000001 0.4716796875 0.4228515625000001 0.4833984375 0.4228515625000001
30 0.4990234375 0.3994140625000001 0.486328125 0.3994140625000001 0.486328125 0.4228515625000001 0.4990234375 0.4228515625000001
52 0.5146484375 0.3994140625000001 0.501953125 0.3994140625000001 0.501953125 0.4248046875000001 0.5146484375 0.4248046875000001
23 0.53515625 0.3994140625000001 0.5224609375 0.3994140625000001 0.5224609375 0.4248046875000001 0.53515625 0.4248046875000001
36 0.5517578125 0.4003906250000001 0.5380859375 0.4003906250000001 0.5380859375 0.4248046875000001 0.5517578125 0.4248046875000001
52 0.5654296875 0.4003906250000001 0.5517578125 0.4003906250000001 0.5517578125 0.4257812500000001 0.5654296875 0.4257812500000001
41 0.5869140625 0.4003906250000001 0.57421875 0.4003906250000001 0.57421875 0.4248046875000001 0.5869140625 0.4248046875000001
42 0.6025390625 0.4013671875000001 0.5888671875 0.4013671875000001 0.5888671875 0.4248046875000001 0.6025390625 0.4248046875000001
40 0.6171875 0.4003906250000001 0.60546875 0.4003906250000001 0.60546875 0.4257812500000001 0.6171875 0.4257812500000001
49 0.630859375 0.4013671875000001 0.619140625 0.4013671875000001 0.619140625 0.4257812500000001 0.630859375 0.4257812500000001
26 0.6474609375 0.4013671875000001 0.6337890625 0.4013671875000001 0.6337890625 0.4267578125000001 0.6474609375 0.4267578125000001
23 0.662109375 0.4013671875000001 0.6494140625 0.4013671875000001 0.6494140625 0.4267578125000001 0.662109375 0.4267578125000001
26 0.6787109375 0.4023437500000001 0.6640625 0.4023437500000001 0.6640625 0.4287109375000001 0.6787109375 0.4287109375000001
39 0.693359375 0.4023437500000001 0.6796875 0.4023437500000001 0.6796875 0.4277343750000001 0.693359375 0.4277343750000001
30 0.7080078125 0.4023437500000001 0.6953125 0.4023437500000001 0.6953125 0.4277343750000001 0.7080078125 0.4277343750000001
52 0.7236328125 0.4023437500000001 0.7099609375 0.4023437500000001 0.7099609375 0.4287109375000001 0.7236328125 0.4287109375000001
36 0.3115234375 0.4267578125 0.2978515625 0.4267578125 0.2978515625 0.451171875 0.3115234375 0.451171875
19 0.326171875 0.427734375 0.3125 0.427734375 0.3125 0.451171875 0.326171875 0.451171875
20 0.341796875 0.4267578125 0.3271484375 0.4267578125 0.3271484375 0.451171875 0.341796875 0.451171875
40 0.35546875 0.427734375 0.341796875 0.427734375 0.341796875 0.4521484375 0.35546875 0.4521484375
42 0.369140625 0.427734375 0.357421875 0.427734375 0.357421875 0.4521484375 0.369140625 0.4521484375
19 0.3837890625 0.4287109375 0.37109375 0.4287109375 0.37109375 0.451171875 0.3837890625 0.451171875
46 0.3994140625 0.427734375 0.38671875 0.427734375 0.38671875 0.453125 0.3994140625 0.453125
40 0.4130859375 0.4296875 0.400390625 0.4296875 0.400390625 0.453125 0.4130859375 0.453125
42 0.42871093750000006 0.4296875 0.416015625 0.4296875 0.41601562500000006 0.455078125 0.4287109375000001 0.455078125
39 0.44238281250000006 0.4306640625 0.4306640625 0.4306640625 0.43066406250000006 0.4541015625 0.4423828125000001 0.4541015625
32 0.45800781250000006 0.43066406250000006 0.4453125 0.4306640625 0.44531250000000006 0.45605468750000006 0.4580078125000001 0.4560546875000001
50 0.47265625000000006 0.4306640625000001 0.4599609375 0.4306640625000001 0.45996093750000006 0.4550781250000001 0.4726562500000001 0.4550781250000001
55 0.48730468750000006 0.4306640625000001 0.4736328125 0.4306640625000001 0.47363281250000006 0.4550781250000001 0.4873046875000001 0.4550781250000001
41 0.509765625 0.4316406250000001 0.49609375 0.4316406250000001 0.49609375000000006 0.4560546875000001 0.509765625 0.4560546875000001
42 0.5234375 0.4316406250000001 0.51171875 0.4316406250000001 0.51171875 0.4570312500000001 0.5234375 0.4570312500000001
19 0.5380859375 0.4326171875000001 0.525390625 0.4326171875000001 0.525390625 0.4560546875000001 0.5380859375 0.4560546875000001
33 0.5546875 0.4326171875000001 0.541015625 0.4326171875000001 0.541015625 0.4580078125000001 0.5546875 0.4580078125000001
46 0.568359375 0.4335937500000001 0.556640625 0.4335937500000001 0.556640625 0.4570312500000001 0.568359375 0.4570312500000001
30 0.5830078125 0.4335937500000001 0.5703125 0.4335937500000001 0.5703125 0.4570312500000001 0.5830078125 0.4570312500000001
22 0.5986328125 0.4335937500000001 0.5849609375 0.4335937500000001 0.5849609375 0.4580078125000001 0.5986328125 0.4580078125000001
26 0.61328125 0.4335937500000001 0.6005859375 0.4335937500000001 0.6005859375 0.4580078125000001 0.61328125 0.4580078125000001
43 0.62890625 0.4345703125000001 0.6162109375 0.4345703125000001 0.6162109375 0.4580078125000001 0.62890625 0.4580078125000001
33 0.64453125 0.4345703125000001 0.6298828125 0.4345703125000001 0.6298828125 0.4589843750000001 0.64453125 0.4589843750000001
30 0.6591796875 0.4345703125000001 0.646484375 0.4345703125000001 0.646484375 0.4589843750000001 0.6591796875 0.4589843750000001
50 0.673828125 0.4345703125000001 0.6611328125 0.4345703125000001 0.6611328125 0.4599609375000001 0.673828125 0.4599609375000001
30 0.697265625 0.4355468750000001 0.68359375 0.4355468750000001 0.68359375 0.4609375000000001 0.697265625 0.4609375000000001
36 0.3808593750000001 0.4609375 0.3671875000000001 0.4609375 0.3671875000000001 0.4853515625 0.3808593750000001 0.4853515625
26 0.3955078125000001 0.4619140625 0.3818359375000001 0.4619140625 0.3818359375000001 0.4853515625 0.3955078125000001 0.4853515625
33 0.4101562500000001 0.4619140625 0.3964843750000001 0.4619140625 0.3964843750000001 0.486328125 0.4101562500000001 0.486328125
21 0.4238281250000001 0.4619140625 0.4121093750000001 0.4619140625 0.4121093750000001 0.4853515625 0.4238281250000001 0.4853515625
30 0.4384765625000001 0.462890625 0.4267578125000001 0.462890625 0.4267578125000001 0.4853515625 0.4384765625000001 0.4853515625
40 0.4531250000000001 0.462890625 0.4414062500000001 0.462890625 0.4414062500000001 0.486328125 0.4531250000000001 0.486328125
39 0.4677734375000001 0.4638671875000001 0.4560546875000001 0.4638671875000001 0.4560546875000001 0.4863281250000001 0.4677734375000001 0.4863281250000001
39 0.4824218750000001 0.4648437500000001 0.4707031250000001 0.4648437500000001 0.4707031250000001 0.4882812500000001 0.4824218750000001 0.4882812500000001
32 0.4980468750000001 0.4648437500000001 0.4863281250000001 0.4648437500000001 0.4863281250000001 0.4882812500000001 0.4980468750000001 0.4882812500000001
50 0.5126953125 0.4648437500000001 0.5 0.4648437500000001 0.5 0.4882812500000001 0.5126953125 0.4882812500000001
54 0.5341796875 0.4648437500000001 0.5205078125 0.4648437500000001 0.5205078125 0.4892578125000001 0.5341796875 0.4892578125000001
19 0.548828125 0.4658203125000001 0.5361328125 0.4658203125000001 0.5361328125 0.4892578125000001 0.548828125 0.4892578125000001
39 0.5634765625 0.4667968750000001 0.5517578125 0.4667968750000001 0.5517578125 0.4902343750000001 0.5634765625 0.4902343750000001
52 0.5791015625 0.4658203125000001 0.5673828125 0.4658203125000001 0.5673828125 0.4902343750000001 0.5791015625 0.4902343750000001
46 0.59375 0.4677734375000001 0.58203125 0.4677734375000001 0.58203125 0.4912109375000001 0.59375 0.4912109375000001
30 0.6083984375 0.4677734375000001 0.5966796875 0.4677734375000001 0.5966796875 0.4912109375000001 0.6083984375 0.4912109375000001
31 0.6240234375 0.4677734375000001 0.611328125 0.4677734375000001 0.611328125 0.4921875000000001 0.6240234375 0.4921875000000001