19 0.23828125000000006 0.580078125 0.22949218750000006 0.580078125 0.22949218750000006 0.59765625 0.23828125000000006 0.59765625
51 0.24902343750000006 0.580078125 0.23925781250000006 0.580078125 0.23925781250000006 0.59765625 0.24902343750000006 0.59765625
23 0.2587890625000001 0.5791015625 0.2500000000000001 0.5791015625 0.2500000000000001 0.59765625 0.2587890625000001 0.59765625
30 0.2695312500000001 0.580078125 0.2607421875000001 0.580078125 0.2607421875000001 0.59765625 0.2695312500000001 0.59765625
46 0.2802734375000001 0.5791015625 0.2705078125000001 0.5791015625 0.2705078125000001 0.59765625 0.2802734375000001 0.59765625
40 0.2900390625000001 0.580078125 0.2812500000000001 0.580078125 0.2812500000000001 0.59765625 0.2900390625000001 0.59765625
42 0.3007812500000001 0.580078125 0.2910156250000001 0.580078125 0.2910156250000001 0.59765625 0.3007812500000001 0.59765625
30 0.3115234375000001 0.5791015625 0.3017578125000001 0.5791015625 0.3017578125000001 0.59765625 0.3115234375000001 0.59765625
52 0.3212890625000001 0.580078125 0.3125000000000001 0.580078125 0.3125000000000001 0.59765625 0.3212890625000001 0.59765625
23 0.3369140625000001 0.5791015625 0.3281250000000001 0.5791015625 0.3281250000000001 0.59765625 0.3369140625000001 0.59765625
36 0.3476562500000001 0.5791015625 0.3388671875000001 0.5791015625 0.3388671875000001 0.5966796875 0.3476562500000001 0.5966796875
52 0.3583984375000001 0.5791015625 0.3496093750000001 0.5791015625 0.3496093750000001 0.59765625 0.3583984375000001 0.59765625
43 0.3740234375000001 0.5791015625 0.3652343750000001 0.5791015625 0.3652343750000001 0.5966796875 0.3740234375000001 0.5966796875
19 0.3847656250000001 0.5791015625 0.3750000000000001 0.5791015625 0.3750000000000001 0.5966796875 0.3847656250000001 0.5966796875
37 0.3964843750000001 0.5791015625 0.3867187500000001 0.5791015625 0.3867187500000001 0.5966796875 0.3964843750000001 0.5966796875
40 0.4072265625000001 0.5791015625 0.3974609375000001 0.5791015625 0.3974609375000001 0.5966796875 0.4072265625000001 0.5966796875
43 0.4169921875000001 0.5791015625 0.4082031250000001 0.5791015625 0.4082031250000001 0.5966796875 0.4169921875000001 0.5966796875
46 0.4287109375000001 0.5791015625 0.4189453125000001 0.5791015625 0.4189453125000001 0.59765625 0.4287109375000001 0.59765625
40 0.4394531250000001 0.5791015625 0.4296875000000001 0.5791015625 0.4296875000000001 0.5966796875 0.4394531250000001 0.5966796875
52 0.4501953125000001 0.5791015625 0.4404296875000001 0.5791015625 0.4404296875000001 0.59765625 0.4501953125000001 0.59765625
46 0.4619140625000001 0.578125 0.4521484375000001 0.578125 0.4521484375000001 0.59765625 0.4619140625000001 0.59765625
26 0.4716796875000001 0.5791015625 0.4628906250000001 0.5791015625 0.4628906250000001 0.59765625 0.4716796875000001 0.59765625
36 0.4833984375000001 0.5791015625 0.4736328125000001 0.5791015625 0.4736328125000001 0.59765625 0.4833984375000001 0.59765625
38 0.4941406250000001 0.5791015625 0.4843750000000001 0.5791015625 0.4843750000000001 0.5966796875 0.4941406250000001 0.5966796875
39 0.5048828125 0.578125 0.4951171875000001 0.578125 0.4951171875000001 0.5966796875 0.5048828125 0.5966796875
40 0.515625 0.5791015625 0.5068359375 0.5791015625 0.5068359375 0.5966796875 0.515625 0.5966796875
31 0.52734375 0.5791015625 0.517578125 0.5791015625 0.517578125 0.59765625 0.52734375 0.59765625
42 0.54296875 0.578125 0.5341796875 0.578125 0.5341796875 0.5966796875 0.54296875 0.5966796875
19 0.5537109375 0.578125 0.544921875 0.578125 0.544921875 0.5966796875 0.5537109375 0.5966796875
20 0.5654296875 0.5791015625 0.5556640625 0.5791015625 0.5556640625 0.5966796875 0.5654296875 0.5966796875
40 0.5771484375 0.5791015625 0.568359375 0.5791015625 0.568359375 0.5966796875 0.5771484375 0.5966796875
46 0.5888671875 0.5791015625 0.5791015625 0.5791015625 0.5791015625 0.59765625 0.5888671875 0.59765625
32 0.599609375 0.5791015625 0.5908203125 0.5791015625 0.5908203125 0.5966796875 0.599609375 0.5966796875