49 0.4580078125000001 0.552734375 0.4453125000000001 0.552734375 0.4453125000000001 0.576171875 0.4580078125000001 0.576171875
32 0.4746093750000001 0.5498046875 0.4619140625000001 0.5498046875 0.4619140625000001 0.576171875 0.4746093750000001 0.576171875
54 0.4892578125000001 0.548828125 0.4775390625000001 0.548828125 0.4775390625000001 0.5732421875 0.4892578125000001 0.5732421875
40 0.505859375 0.546875 0.4941406250000001 0.546875 0.4941406250000001 0.5712890625 0.505859375 0.5712890625
49 0.521484375 0.5439453125 0.509765625 0.5439453125 0.509765625 0.5673828125 0.521484375 0.5673828125
41 0.552734375 0.5400390625 0.5400390625 0.5400390625 0.5400390625 0.564453125 0.552734375 0.564453125
26 0.56640625 0.5380859375 0.5556640625 0.5380859375 0.5556640625 0.5615234375 0.56640625 0.5615234375
42 0.5810546875 0.5361328125 0.5693359375 0.5361328125 0.5693359375 0.5595703125 0.5810546875 0.5595703125
43 0.595703125 0.5341796875 0.583984375 0.5341796875 0.583984375 0.5576171875 0.595703125 0.5576171875
40 0.609375 0.5322265625 0.5986328125 0.5322265625 0.5986328125 0.5546875 0.609375 0.5546875
39 0.623046875 0.5283203125 0.6123046875 0.5283203125 0.6123046875 0.552734375 0.623046875 0.552734375
19 0.6357421875 0.5283203125 0.6259765625 0.5283203125 0.6259765625 0.55078125 0.6357421875 0.55078125
36 0.650390625 0.525390625 0.638671875 0.525390625 0.638671875 0.5478515625 0.650390625 0.5478515625
19 0.662109375 0.5244140625 0.65234375 0.5244140625 0.65234375 0.544921875 0.662109375 0.544921875
47 0.6748046875 0.5224609375 0.6650390625 0.5224609375 0.6650390625 0.5419921875 0.6748046875 0.5419921875
41 0.4570312500000001 0.587890625 0.4443359375000001 0.587890625 0.4443359375000001 0.61328125 0.4570312500000001 0.61328125
40 0.4736328125000001 0.5859375 0.4619140625000001 0.5859375 0.4619140625000001 0.6103515625 0.4736328125000001 0.6103515625
23 0.4892578125000001 0.58203125 0.4775390625000001 0.58203125 0.4775390625000001 0.607421875 0.4892578125000001 0.607421875
54 0.51953125 0.5791015625 0.5087890625 0.5791015625 0.5087890625 0.6025390625 0.51953125 0.6025390625
39 0.5361328125 0.576171875 0.5244140625 0.576171875 0.5244140625 0.6005859375 0.5361328125 0.6005859375
19 0.5498046875 0.57421875 0.5390625 0.57421875 0.5390625 0.595703125 0.5498046875 0.595703125
33 0.564453125 0.572265625 0.5537109375 0.572265625 0.5537109375 0.5947265625 0.564453125 0.5947265625
40 0.5791015625 0.5693359375 0.568359375 0.5693359375 0.568359375 0.591796875 0.5791015625 0.591796875
37 0.59375 0.56640625 0.58203125 0.56640625 0.58203125 0.58984375 0.59375 0.58984375