49 0.3867187500000001 0.6904296875 0.3769531250000001 0.6904296875 0.3769531250000001 0.7109375 0.3867187500000001 0.7109375
32 0.4003906250000001 0.69140625 0.3906250000000001 0.69140625 0.3906250000000001 0.7119140625 0.4003906250000001 0.7119140625
54 0.4150390625000001 0.6923828125 0.4033203125000001 0.6923828125 0.4033203125000001 0.712890625 0.4150390625000001 0.712890625
40 0.4277343750000001 0.6923828125 0.4179687500000001 0.6923828125 0.4179687500000001 0.7138671875 0.4277343750000001 0.7138671875
49 0.4423828125000001 0.6943359375 0.4326171875000001 0.6943359375 0.4326171875000001 0.71484375 0.4423828125000001 0.71484375
41 0.4707031250000001 0.6953125 0.4609375000000001 0.6953125 0.4609375000000001 0.716796875 0.4707031250000001 0.716796875
26 0.4863281250000001 0.6962890625 0.4746093750000001 0.6962890625 0.4746093750000001 0.7177734375 0.4863281250000001 0.7177734375
42 0.5009765625 0.697265625 0.4892578125000001 0.697265625 0.4892578125000001 0.7177734375 0.5009765625 0.7177734375
43 0.5146484375 0.6982421875 0.50390625 0.6982421875 0.50390625 0.71875 0.5146484375 0.71875
40 0.5302734375 0.6982421875 0.5185546875 0.6982421875 0.5185546875 0.71875 0.5302734375 0.71875
39 0.544921875 0.69921875 0.533203125 0.69921875 0.533203125 0.7197265625 0.544921875 0.7197265625
19 0.55859375 0.69921875 0.5478515625 0.69921875 0.5478515625 0.720703125 0.55859375 0.720703125
36 0.5751953125 0.7001953125 0.5634765625 0.7001953125 0.5634765625 0.720703125 0.5751953125 0.720703125
19 0.5888671875 0.7001953125 0.578125 0.7001953125 0.578125 0.720703125 0.5888671875 0.720703125
47 0.6044921875 0.7001953125 0.59375 0.7001953125 0.59375 0.7216796875 0.6044921875 0.7216796875
41 0.3886718750000001 0.7177734375 0.3779296875000001 0.7177734375 0.3779296875000001 0.73828125 0.3886718750000001 0.73828125
40 0.4023437500000001 0.71875 0.3916015625000001 0.71875 0.3916015625000001 0.7392578125 0.4023437500000001 0.7392578125
23 0.4169921875000001 0.7197265625 0.4062500000000001 0.7197265625 0.4062500000000001 0.740234375 0.4169921875000001 0.740234375
54 0.4453125000000001 0.7216796875 0.4335937500000001 0.7216796875 0.4335937500000001 0.7421875 0.4453125000000001 0.7421875
39 0.4589843750000001 0.72265625 0.4482421875000001 0.72265625 0.4482421875000001 0.7421875 0.4589843750000001 0.7421875
19 0.4716796875000001 0.7236328125 0.4619140625000001 0.7236328125 0.4619140625000001 0.744140625 0.4716796875000001 0.744140625
33 0.4863281250000001 0.7236328125 0.4755859375000001 0.7236328125 0.4755859375000001 0.7431640625 0.4863281250000001 0.7431640625
40 0.501953125 0.724609375 0.4902343750000001 0.724609375 0.4902343750000001 0.7451171875 0.501953125 0.7451171875
37 0.515625 0.724609375 0.505859375 0.724609375 0.505859375 0.7451171875 0.515625 0.7451171875