33 0.20898437500000006 0.5166015625 0.20410156250000006 0.5166015625 0.20410156250000006 0.529296875 0.20898437500000006 0.529296875
40 0.21484375000000006 0.5166015625 0.20996093750000006 0.5166015625 0.20996093750000006 0.529296875 0.21484375000000006 0.529296875
37 0.21972656250000006 0.5166015625 0.21582031250000006 0.5166015625 0.21582031250000006 0.529296875 0.21972656250000006 0.529296875
41 0.22656250000000006 0.5166015625 0.22167968750000006 0.5166015625 0.22167968750000006 0.529296875 0.22656250000000006 0.529296875
38 0.23242187500000006 0.5166015625 0.22753906250000006 0.5166015625 0.22753906250000006 0.529296875 0.23242187500000006 0.529296875
48 0.23828125000000006 0.517578125 0.23339843750000006 0.517578125 0.23339843750000006 0.529296875 0.23828125000000006 0.529296875
46 0.24414062500000006 0.5166015625 0.23925781250000006 0.5166015625 0.23925781250000006 0.529296875 0.24414062500000006 0.529296875
26 0.2509765625000001 0.5166015625 0.24609375000000006 0.5166015625 0.24609375000000006 0.5283203125 0.2509765625000001 0.5283203125
42 0.2568359375000001 0.5166015625 0.2519531250000001 0.5166015625 0.2519531250000001 0.529296875 0.2568359375000001 0.529296875
39 0.2636718750000001 0.5166015625 0.2587890625000001 0.5166015625 0.2587890625000001 0.529296875 0.2636718750000001 0.529296875
32 0.2695312500000001 0.5166015625 0.2646484375000001 0.5166015625 0.2646484375000001 0.529296875 0.2695312500000001 0.529296875
31 0.2753906250000001 0.5166015625 0.2705078125000001 0.5166015625 0.2705078125000001 0.529296875 0.2753906250000001 0.529296875
33 0.2851562500000001 0.5166015625 0.2792968750000001 0.5166015625 0.2792968750000001 0.529296875 0.2851562500000001 0.529296875
36 0.2919921875000001 0.5166015625 0.2861328125000001 0.5166015625 0.2861328125000001 0.529296875 0.2919921875000001 0.529296875
19 0.2988281250000001 0.5166015625 0.2929687500000001 0.5166015625 0.2929687500000001 0.529296875 0.2988281250000001 0.529296875
43 0.3046875000000001 0.5166015625 0.2988281250000001 0.5166015625 0.2988281250000001 0.5302734375 0.3046875000000001 0.5302734375
43 0.3115234375000001 0.5166015625 0.3056640625000001 0.5166015625 0.3056640625000001 0.5302734375 0.3115234375000001 0.5302734375
51 0.17285156250000006 0.5341796875 0.16796875000000006 0.5341796875 0.16796875000000006 0.5458984375 0.17285156250000006 0.5458984375
22 0.17871093750000006 0.5341796875 0.17382812500000006 0.5341796875 0.17382812500000006 0.5458984375 0.17871093750000006 0.5458984375
26 0.18359375000000006 0.533203125 0.17968750000000006 0.533203125 0.17968750000000006 0.544921875 0.18359375000000006 0.544921875
20 0.18945312500000006 0.533203125 0.18457031250000006 0.533203125 0.18457031250000006 0.544921875 0.18945312500000006 0.544921875
39 0.19531250000000006 0.533203125 0.19042968750000006 0.533203125 0.19042968750000006 0.5458984375 0.19531250000000006 0.5458984375
19 0.20117187500000006 0.533203125 0.19531250000000006 0.533203125 0.19531250000000006 0.5458984375 0.20117187500000006 0.5458984375
52 0.20703125000000006 0.5341796875 0.20214843750000006 0.5341796875 0.20214843750000006 0.546875 0.20703125000000006 0.546875
19 0.21484375000000006 0.5341796875 0.20996093750000006 0.5341796875 0.20996093750000006 0.5458984375 0.21484375000000006 0.5458984375
51 0.22070312500000006 0.5341796875 0.21582031250000006 0.5341796875 0.21582031250000006 0.5458984375 0.22070312500000006 0.5458984375
23 0.22656250000000006 0.5341796875 0.22167968750000006 0.5341796875 0.22167968750000006 0.5458984375 0.22656250000000006 0.5458984375
30 0.23339843750000006 0.5341796875 0.22753906250000006 0.5341796875 0.22753906250000006 0.5458984375 0.23339843750000006 0.5458984375
46 0.23925781250000006 0.5341796875 0.23437500000000006 0.5341796875 0.23437500000000006 0.546875 0.23925781250000006 0.546875
40 0.24511718750000006 0.5341796875 0.24023437500000006 0.5341796875 0.24023437500000006 0.5458984375 0.24511718750000006 0.5458984375
42 0.2509765625000001 0.5341796875 0.24511718750000006 0.5341796875 0.24511718750000006 0.546875 0.2509765625000001 0.546875
30 0.2568359375000001 0.5341796875 0.2519531250000001 0.5341796875 0.2519531250000001 0.546875 0.2568359375000001 0.546875
52 0.2636718750000001 0.5341796875 0.2578125000000001 0.5341796875 0.2578125000000001 0.546875 0.2636718750000001 0.546875
23 0.2724609375000001 0.5341796875 0.2675781250000001 0.5341796875 0.2675781250000001 0.546875 0.2724609375000001 0.546875
36 0.2792968750000001 0.53515625 0.2734375000000001 0.53515625 0.2734375000000001 0.5478515625 0.2792968750000001 0.5478515625
52 0.2851562500000001 0.5341796875 0.2792968750000001 0.5341796875 0.2792968750000001 0.5478515625 0.2851562500000001 0.5478515625
41 0.2949218750000001 0.53515625 0.2890625000000001 0.53515625 0.2890625000000001 0.5478515625 0.2949218750000001 0.5478515625
42 0.3017578125000001 0.53515625 0.2958984375000001 0.53515625 0.2958984375000001 0.5478515625 0.3017578125000001 0.5478515625
40 0.3076171875000001 0.5341796875 0.3027343750000001 0.5341796875 0.3027343750000001 0.5478515625 0.3076171875000001 0.5478515625
49 0.3144531250000001 0.5341796875 0.3085937500000001 0.5341796875 0.3085937500000001 0.5478515625 0.3144531250000001 0.5478515625
26 0.3212890625000001 0.53515625 0.3154296875000001 0.53515625 0.3154296875000001 0.5478515625 0.3212890625000001 0.5478515625
23 0.3281250000000001 0.53515625 0.3222656250000001 0.53515625 0.3222656250000001 0.5478515625 0.3281250000000001 0.5478515625
26 0.3349609375000001 0.5341796875 0.3291015625000001 0.5341796875 0.3291015625000001 0.5478515625 0.3349609375000001 0.5478515625
39 0.3417968750000001 0.53515625 0.3359375000000001 0.53515625 0.3359375000000001 0.5478515625 0.3417968750000001 0.5478515625
30 0.3486328125000001 0.53515625 0.3427734375000001 0.53515625 0.3427734375000001 0.5478515625 0.3486328125000001 0.5478515625
52 0.3564453125000001 0.53515625 0.3505859375000001 0.53515625 0.3505859375000001 0.548828125 0.3564453125000001 0.548828125
36 0.12109375000000006 0.548828125 0.11718750000000006 0.548828125 0.11718750000000006 0.560546875 0.12109375000000006 0.560546875
19 0.12695312500000006 0.548828125 0.12207031250000006 0.548828125 0.12207031250000006 0.560546875 0.12695312500000006 0.560546875
20 0.13183593750000006 0.548828125 0.12695312500000006 0.548828125 0.12695312500000006 0.560546875 0.13183593750000006 0.560546875
40 0.13769531250000006 0.548828125 0.13281250000000006 0.548828125 0.13281250000000006 0.560546875 0.13769531250000006 0.560546875
42 0.14160156250000006 0.5498046875 0.13769531250000006 0.5498046875 0.13769531250000006 0.5615234375 0.14160156250000006 0.5615234375
19 0.14746093750000006 0.5498046875 0.14257812500000006 0.5498046875 0.14257812500000006 0.5615234375 0.14746093750000006 0.5615234375
46 0.15332031250000006 0.5498046875 0.14843750000000006 0.5498046875 0.14843750000000006 0.5615234375 0.15332031250000006 0.5615234375
40 0.15820312500000006 0.548828125 0.15332031250000006 0.548828125 0.15332031250000006 0.5615234375 0.15820312500000006 0.5615234375
42 0.16308593750000006 0.5498046875 0.15917968750000006 0.5498046875 0.15917968750000006 0.5615234375 0.16308593750000006 0.5615234375
39 0.16894531250000006 0.5498046875 0.16406250000000006 0.5498046875 0.16406250000000006 0.5615234375 0.16894531250000006 0.5615234375
32 0.17480468750000006 0.55078125 0.16992187500000006 0.55078125 0.16992187500000006 0.5625 0.17480468750000006 0.5625
50 0.17968750000000006 0.55078125 0.17480468750000006 0.55078125 0.17480468750000006 0.5625 0.17968750000000006 0.5625
55 0.18554687500000006 0.55078125 0.18066406250000006 0.55078125 0.18066406250000006 0.5615234375 0.18554687500000006 0.5615234375
41 0.19433593750000006 0.55078125 0.18945312500000006 0.55078125 0.18945312500000006 0.5625 0.19433593750000006 0.5625
42 0.20019531250000006 0.55078125 0.19531250000000006 0.55078125 0.19531250000000006 0.5625 0.20019531250000006 0.5625
19 0.20507812500000006 0.55078125 0.20019531250000006 0.55078125 0.20019531250000006 0.5615234375 0.20507812500000006 0.5615234375
33 0.21093750000000006 0.55078125 0.20605468750000006 0.55078125 0.20605468750000006 0.5625 0.21093750000000006 0.5625
46 0.21679687500000006 0.55078125 0.21191406250000006 0.55078125 0.21191406250000006 0.5634765625 0.21679687500000006 0.5634765625
30 0.22265625000000006 0.5517578125 0.21777343750000006 0.5517578125 0.21777343750000006 0.5634765625 0.22265625000000006 0.5634765625
22 0.22851562500000006 0.5517578125 0.22363281250000006 0.5517578125 0.22363281250000006 0.5634765625 0.22851562500000006 0.5634765625
26 0.23437500000000006 0.55078125 0.22949218750000006 0.55078125 0.22949218750000006 0.5634765625 0.23437500000000006 0.5634765625
43 0.24121093750000006 0.5517578125 0.23535156250000006 0.5517578125 0.23535156250000006 0.5634765625 0.24121093750000006 0.5634765625
33 0.24707031250000006 0.5517578125 0.24121093750000006 0.5517578125 0.24121093750000006 0.564453125 0.24707031250000006 0.564453125
30 0.2529296875000001 0.5517578125 0.24804687500000006 0.5517578125 0.24804687500000006 0.564453125 0.2529296875000001 0.564453125
50 0.2587890625000001 0.5517578125 0.2539062500000001 0.5517578125 0.2539062500000001 0.5634765625 0.2587890625000001 0.5634765625
30 0.2675781250000001 0.5517578125 0.2626953125000001 0.5517578125 0.2626953125000001 0.5634765625 0.2675781250000001 0.5634765625
43 0.2773437500000001 0.552734375 0.2714843750000001 0.552734375 0.2714843750000001 0.5654296875 0.2773437500000001 0.5654296875
19 0.2832031250000001 0.552734375 0.2783203125000001 0.552734375 0.2783203125000001 0.5654296875 0.2832031250000001 0.5654296875
37 0.2910156250000001 0.5517578125 0.2851562500000001 0.5517578125 0.2851562500000001 0.5654296875 0.2910156250000001 0.5654296875
40 0.2968750000000001 0.552734375 0.2910156250000001 0.552734375 0.2910156250000001 0.5654296875 0.2968750000000001 0.5654296875
43 0.3027343750000001 0.552734375 0.2978515625000001 0.552734375 0.2978515625000001 0.5654296875 0.3027343750000001 0.5654296875
46 0.3105468750000001 0.552734375 0.3046875000000001 0.552734375 0.3046875000000001 0.5654296875 0.3105468750000001 0.5654296875
40 0.3164062500000001 0.552734375 0.3105468750000001 0.552734375 0.3105468750000001 0.56640625 0.3164062500000001 0.56640625
52 0.3242187500000001 0.552734375 0.3183593750000001 0.552734375 0.3183593750000001 0.56640625 0.3242187500000001 0.56640625
46 0.3300781250000001 0.552734375 0.3242187500000001 0.552734375 0.3242187500000001 0.56640625 0.3300781250000001 0.56640625
26 0.3369140625000001 0.552734375 0.3310546875000001 0.552734375 0.3310546875000001 0.56640625 0.3369140625000001 0.56640625
36 0.3447265625000001 0.5537109375 0.3388671875000001 0.5537109375 0.3388671875000001 0.5673828125 0.3447265625000001 0.5673828125
38 0.3515625000000001 0.5537109375 0.3457031250000001 0.5537109375 0.3457031250000001 0.56640625 0.3515625000000001 0.56640625
39 0.3583984375000001 0.5537109375 0.3525390625000001 0.5537109375 0.3525390625000001 0.56640625 0.3583984375000001 0.56640625
32 0.3652343750000001 0.5537109375 0.3593750000000001 0.5537109375 0.3593750000000001 0.5673828125 0.3652343750000001 0.5673828125
50 0.3720703125000001 0.5537109375 0.3662109375000001 0.5537109375 0.3662109375000001 0.56640625 0.3720703125000001 0.56640625
54 0.3828125000000001 0.5537109375 0.3769531250000001 0.5537109375 0.3769531250000001 0.5673828125 0.3828125000000001 0.5673828125
19 0.3906250000000001 0.5537109375 0.3837890625000001 0.5537109375 0.3837890625000001 0.5673828125 0.3906250000000001 0.5673828125
39 0.3984375000000001 0.5537109375 0.3916015625000001 0.5537109375 0.3916015625000001 0.568359375 0.3984375000000001 0.568359375
52 0.4062500000000001 0.5537109375 0.3994140625000001 0.5537109375 0.3994140625000001 0.568359375 0.4062500000000001 0.568359375
46 0.4130859375000001 0.5546875 0.4062500000000001 0.5546875 0.4062500000000001 0.5693359375 0.4130859375000001 0.5693359375
30 0.4208984375000001 0.5546875 0.4130859375000001 0.5546875 0.4130859375000001 0.568359375 0.4208984375000001 0.568359375
31 0.4287109375000001 0.5546875 0.4208984375000001 0.5546875 0.4208984375000001 0.5693359375 0.4287109375000001 0.5693359375