49 0.3945312500000001 0.5859375 0.3837890625000001 0.5859375 0.3837890625000001 0.6083984375 0.3945312500000001 0.6083984375
32 0.4101562500000001 0.5849609375 0.3994140625000001 0.5849609375 0.3994140625000001 0.607421875 0.4101562500000001 0.607421875
54 0.4267578125000001 0.5849609375 0.4150390625000001 0.5849609375 0.4150390625000001 0.6064453125 0.4267578125000001 0.6064453125
40 0.4414062500000001 0.583984375 0.4296875000000001 0.583984375 0.4296875000000001 0.6044921875 0.4414062500000001 0.6044921875
49 0.4570312500000001 0.5810546875 0.4453125000000001 0.5810546875 0.4453125000000001 0.6025390625 0.4570312500000001 0.6025390625
41 0.4863281250000001 0.578125 0.4755859375000001 0.578125 0.4755859375000001 0.599609375 0.4863281250000001 0.599609375
26 0.501953125 0.5771484375 0.4902343750000001 0.5771484375 0.4902343750000001 0.59765625 0.501953125 0.59765625
42 0.515625 0.576171875 0.5048828125 0.576171875 0.5048828125 0.595703125 0.515625 0.595703125
43 0.5302734375 0.57421875 0.51953125 0.57421875 0.51953125 0.5947265625 0.5302734375 0.5947265625
40 0.5439453125 0.5732421875 0.533203125 0.5732421875 0.533203125 0.59375 0.5439453125 0.59375
39 0.55859375 0.5712890625 0.5478515625 0.5712890625 0.5478515625 0.591796875 0.55859375 0.591796875
19 0.5732421875 0.5693359375 0.5625 0.5693359375 0.5625 0.5908203125 0.5732421875 0.5908203125
36 0.5859375 0.5673828125 0.5751953125 0.5673828125 0.5751953125 0.5888671875 0.5859375 0.5888671875
19 0.599609375 0.56640625 0.58984375 0.56640625 0.58984375 0.5869140625 0.599609375 0.5869140625
47 0.61328125 0.564453125 0.6025390625 0.564453125 0.6025390625 0.5849609375 0.61328125 0.5849609375
41 0.3945312500000001 0.6171875 0.3837890625000001 0.6171875 0.3837890625000001 0.6396484375 0.3945312500000001 0.6396484375
40 0.4101562500000001 0.6171875 0.3994140625000001 0.6171875 0.3994140625000001 0.6376953125 0.4101562500000001 0.6376953125
23 0.4257812500000001 0.6142578125 0.4150390625000001 0.6142578125 0.4150390625000001 0.634765625 0.4257812500000001 0.634765625
54 0.4560546875000001 0.6123046875 0.4453125000000001 0.6123046875 0.4453125000000001 0.6328125 0.4560546875000001 0.6328125
39 0.4707031250000001 0.6103515625 0.4599609375000001 0.6103515625 0.4599609375000001 0.6298828125 0.4707031250000001 0.6298828125
19 0.4853515625000001 0.6083984375 0.4755859375000001 0.6083984375 0.4755859375000001 0.62890625 0.4853515625000001 0.62890625
33 0.5 0.607421875 0.4892578125000001 0.607421875 0.4892578125000001 0.626953125 0.5 0.626953125
40 0.5146484375 0.60546875 0.50390625 0.60546875 0.50390625 0.625 0.5146484375 0.625
37 0.529296875 0.603515625 0.5185546875 0.603515625 0.5185546875 0.623046875 0.529296875 0.623046875