49 0.3662109375 0.3466796875 0.3544921875 0.3466796875 0.3544921875 0.37109375 0.3662109375 0.37109375
32 0.380859375 0.345703125 0.3701171875 0.345703125 0.3701171875 0.3701171875 0.380859375 0.3701171875
54 0.3955078125 0.345703125 0.3837890625 0.345703125 0.3837890625 0.3701171875 0.3955078125 0.3701171875
40 0.4091796875 0.3447265625 0.3974609375 0.3447265625 0.3974609375 0.3681640625 0.4091796875 0.3681640625
49 0.4248046875 0.34375 0.4130859375 0.34375 0.4130859375 0.3681640625 0.4248046875 0.3681640625
41 0.4541015625 0.34179687500000006 0.4423828125 0.341796875 0.4423828125 0.36621093750000006 0.4541015625 0.3662109375000001
26 0.4697265625 0.3417968750000001 0.4580078125 0.3417968750000001 0.4580078125 0.3662109375000001 0.4697265625 0.3662109375000001
42 0.484375 0.3398437500000001 0.4716796875 0.3398437500000001 0.4716796875 0.3642578125000001 0.484375 0.3642578125000001
43 0.4990234375 0.3398437500000001 0.48828125 0.3398437500000001 0.48828125 0.3642578125000001 0.4990234375 0.3642578125000001
40 0.5146484375 0.3388671875000001 0.5029296875 0.3388671875000001 0.5029296875 0.3623046875000001 0.5146484375 0.3623046875000001
39 0.5302734375 0.3378906250000001 0.5185546875 0.3378906250000001 0.5185546875 0.3623046875000001 0.5302734375 0.3623046875000001
19 0.544921875 0.3359375000000001 0.5341796875 0.3359375000000001 0.5341796875 0.3603515625000001 0.544921875 0.3603515625000001
36 0.5615234375 0.3349609375000001 0.5498046875 0.3349609375000001 0.5498046875 0.3593750000000001 0.5615234375 0.3593750000000001
19 0.5751953125 0.3339843750000001 0.564453125 0.3339843750000001 0.564453125 0.3583984375000001 0.5751953125 0.3583984375000001
47 0.5927734375 0.3330078125000001 0.5810546875 0.3330078125000001 0.5810546875 0.3583984375000001 0.5927734375 0.3583984375000001
41 0.3671875 0.3798828125 0.3564453125 0.3798828125 0.3564453125 0.4033203125 0.3671875 0.4033203125
40 0.3818359375 0.3798828125 0.37109375 0.3798828125 0.37109375 0.4033203125 0.3818359375 0.4033203125
23 0.396484375 0.37890625 0.3857421875 0.37890625 0.3857421875 0.40234375 0.396484375 0.40234375
54 0.4267578125 0.3779296875 0.4140625 0.3779296875 0.4140625 0.4013671875 0.4267578125 0.4013671875
39 0.4404296875 0.3759765625 0.4296875 0.3759765625 0.4296875 0.400390625 0.4404296875 0.400390625
19 0.4541015625 0.37597656250000006 0.443359375 0.3759765625 0.443359375 0.39843750000000006 0.4541015625 0.3984375000000001
33 0.4697265625 0.3750000000000001 0.458984375 0.3750000000000001 0.458984375 0.3984375000000001 0.4697265625 0.3984375000000001
40 0.4853515625 0.3740234375000001 0.4736328125 0.3740234375000001 0.4736328125 0.3984375000000001 0.4853515625 0.3984375000000001
37 0.5 0.3730468750000001 0.4892578125 0.3730468750000001 0.4892578125 0.3964843750000001 0.5 0.3964843750000001