40 0.20117187500000006 0.48046875 0.18750000000000006 0.48046875 0.18750000000000006 0.515625 0.20117187500000006 0.515625
40 0.22167968750000006 0.4794921875 0.20800781250000006 0.4794921875 0.20800781250000006 0.5166015625 0.22167968750000006 0.5166015625
40 0.24316406250000006 0.478515625 0.22753906250000006 0.478515625 0.22753906250000006 0.517578125 0.24316406250000006 0.517578125
34 0.2734375000000001 0.4775390625 0.2578125000000001 0.4775390625 0.2578125000000001 0.5166015625 0.2734375000000001 0.5166015625
28 0.2958984375000001 0.4775390625 0.2792968750000001 0.4775390625 0.2792968750000001 0.5146484375 0.2958984375000001 0.5146484375
30 0.3183593750000001 0.478515625 0.3007812500000001 0.478515625 0.3007812500000001 0.515625 0.3183593750000001 0.515625
23 0.3398437500000001 0.4775390625 0.3222656250000001 0.4775390625 0.3222656250000001 0.513671875 0.3398437500000001 0.513671875
24 0.3720703125000001 0.4794921875 0.3554687500000001 0.4794921875 0.3554687500000001 0.515625 0.3720703125000001 0.515625
23 0.4072265625000001 0.4755859375 0.3896484375000001 0.4755859375 0.3896484375000001 0.513671875 0.4072265625000001 0.513671875
26 0.4296875000000001 0.4755859375 0.4121093750000001 0.4755859375 0.4121093750000001 0.513671875 0.4296875000000001 0.513671875
44 0.4541015625000001 0.47558593750000006 0.4365234375000001 0.4755859375 0.4365234375000001 0.515625 0.4541015625000001 0.515625
53 0.4785156250000001 0.4746093750000001 0.4609375000000001 0.4746093750000001 0.4609375000000001 0.5146484375 0.4785156250000001 0.5146484375
49 0.50390625 0.4746093750000001 0.4843750000000001 0.4746093750000001 0.4843750000000001 0.513671875 0.50390625 0.513671875
19 0.5263671875 0.4736328125000001 0.5087890625 0.4736328125000001 0.5087890625 0.5126953125 0.5263671875 0.5126953125
52 0.5537109375 0.4736328125000001 0.53515625 0.4736328125000001 0.53515625 0.513671875 0.5537109375 0.513671875
19 0.5927734375 0.4726562500000001 0.5732421875 0.4726562500000001 0.5732421875 0.5126953125 0.5927734375 0.5126953125
41 0.619140625 0.4707031250000001 0.5986328125 0.4707031250000001 0.5986328125 0.513671875 0.619140625 0.513671875
46 0.6474609375 0.4707031250000001 0.6279296875 0.4707031250000001 0.6279296875 0.513671875 0.6474609375 0.513671875
26 0.6767578125 0.4707031250000001 0.6552734375 0.4707031250000001 0.6552734375 0.515625 0.6767578125 0.515625
33 0.7060546875 0.4687500000000001 0.6845703125 0.4687500000000001 0.6845703125 0.5126953125 0.7060546875 0.5126953125
19 0.736328125 0.4687500000000001 0.7138671875 0.4687500000000001 0.7138671875 0.5126953125 0.736328125 0.5126953125
35 0.767578125 0.4687500000000001 0.744140625 0.4687500000000001 0.744140625 0.513671875 0.767578125 0.513671875
19 0.2851562500000001 0.53125 0.2685546875000001 0.53125 0.2685546875000001 0.56640625 0.2851562500000001 0.56640625
41 0.3046875000000001 0.53125 0.2890625000000001 0.53125 0.2890625000000001 0.5693359375 0.3046875000000001 0.5693359375
46 0.3271484375000001 0.53125 0.3105468750000001 0.53125 0.3105468750000001 0.5693359375 0.3271484375000001 0.5693359375
26 0.3496093750000001 0.5302734375 0.3339843750000001 0.5302734375 0.3339843750000001 0.5693359375 0.3496093750000001 0.5693359375
22 0.3720703125000001 0.53125 0.3554687500000001 0.53125 0.3554687500000001 0.5693359375 0.3720703125000001 0.5693359375
39 0.3955078125000001 0.53125 0.3779296875000001 0.53125 0.3779296875000001 0.5693359375 0.3955078125000001 0.5693359375
32 0.4189453125000001 0.53125 0.4003906250000001 0.53125 0.4003906250000001 0.572265625 0.4189453125000001 0.572265625
31 0.4423828125000001 0.5322265625 0.4248046875000001 0.5322265625 0.4248046875000001 0.5712890625 0.4423828125000001 0.5712890625
41 0.4775390625000001 0.53125 0.4599609375000001 0.53125 0.4599609375000001 0.5712890625 0.4775390625000001 0.5712890625
51 0.501953125 0.53125 0.4843750000000001 0.53125 0.4843750000000001 0.57421875 0.501953125 0.57421875
39 0.52734375 0.53125 0.509765625 0.53125 0.509765625 0.5712890625 0.52734375 0.5712890625
33 0.5537109375 0.5302734375 0.53515625 0.5302734375 0.53515625 0.572265625 0.5537109375 0.572265625
46 0.5810546875 0.5322265625 0.5615234375 0.5322265625 0.5615234375 0.5732421875 0.5810546875 0.5732421875
42 0.18457031250000006 0.58203125 0.16796875000000006 0.58203125 0.16796875000000006 0.6201171875 0.18457031250000006 0.6201171875
26 0.20507812500000006 0.5830078125 0.18945312500000006 0.5830078125 0.18945312500000006 0.62109375 0.20507812500000006 0.62109375
29 0.22558593750000006 0.5849609375 0.20996093750000006 0.5849609375 0.20996093750000006 0.6220703125 0.22558593750000006 0.6220703125
30 0.24609375000000006 0.5849609375 0.23144531250000006 0.5849609375 0.23144531250000006 0.6201171875 0.24609375000000006 0.6201171875
37 0.2675781250000001 0.5859375 0.2519531250000001 0.5859375 0.2519531250000001 0.6220703125 0.2675781250000001 0.6220703125
42 0.2988281250000001 0.5859375 0.2832031250000001 0.5859375 0.2832031250000001 0.6240234375 0.2988281250000001 0.6240234375
19 0.3222656250000001 0.5869140625 0.3046875000000001 0.5869140625 0.3046875000000001 0.6220703125 0.3222656250000001 0.6220703125
20 0.3447265625000001 0.5869140625 0.3271484375000001 0.5869140625 0.3271484375000001 0.625 0.3447265625000001 0.625
40 0.3671875000000001 0.5869140625 0.3486328125000001 0.5869140625 0.3486328125000001 0.625 0.3671875000000001 0.625
46 0.3896484375000001 0.587890625 0.3720703125000001 0.587890625 0.3720703125000001 0.6259765625 0.3896484375000001 0.6259765625
32 0.4121093750000001 0.587890625 0.3955078125000001 0.587890625 0.3955078125000001 0.626953125 0.4121093750000001 0.626953125
43 0.4472656250000001 0.5888671875 0.4296875000000001 0.5888671875 0.4296875000000001 0.62890625 0.4472656250000001 0.62890625
47 0.5087890625 0.591796875 0.4912109375000001 0.591796875 0.4912109375000001 0.6318359375 0.5087890625 0.6318359375
23 0.5986328125 0.591796875 0.5810546875 0.591796875 0.5810546875 0.6357421875 0.5986328125 0.6357421875
40 0.6279296875 0.591796875 0.607421875 0.591796875 0.607421875 0.63671875 0.6279296875 0.63671875
47 0.7294921875 0.5966796875 0.70703125 0.5966796875 0.70703125 0.642578125 0.7294921875 0.642578125
20 0.22460937500000006 0.638671875 0.20800781250000006 0.638671875 0.20800781250000006 0.671875 0.22460937500000006 0.671875
26 0.24511718750000006 0.638671875 0.22851562500000006 0.638671875 0.22851562500000006 0.673828125 0.24511718750000006 0.673828125
54 0.2646484375000001 0.638671875 0.2500000000000001 0.638671875 0.2500000000000001 0.677734375 0.2646484375000001 0.677734375
41 0.2978515625000001 0.640625 0.2812500000000001 0.640625 0.2812500000000001 0.677734375 0.2978515625000001 0.677734375
26 0.3193359375000001 0.6416015625 0.3037109375000001 0.6416015625 0.3037109375000001 0.6787109375 0.3193359375000001 0.6787109375
42 0.3417968750000001 0.642578125 0.3242187500000001 0.642578125 0.3242187500000001 0.681640625 0.3417968750000001 0.681640625
26 0.3652343750000001 0.6435546875 0.3466796875000001 0.6435546875 0.3466796875000001 0.6826171875 0.3652343750000001 0.6826171875
42 0.3876953125000001 0.6455078125 0.3710937500000001 0.6455078125 0.3710937500000001 0.68359375 0.3876953125000001 0.68359375
32 0.4111328125000001 0.646484375 0.3925781250000001 0.646484375 0.3925781250000001 0.6845703125 0.4111328125000001 0.6845703125
49 0.4345703125000001 0.6474609375 0.4179687500000001 0.6474609375 0.4179687500000001 0.6865234375 0.4345703125000001 0.6865234375
19 0.4589843750000001 0.6474609375 0.4414062500000001 0.6474609375 0.4414062500000001 0.68359375 0.4589843750000001 0.68359375
30 0.4951171875000001 0.6494140625 0.4765625000000001 0.6494140625 0.4765625000000001 0.6884765625 0.4951171875000001 0.6884765625
49 0.533203125 0.6513671875 0.515625 0.6513671875 0.515625 0.6923828125 0.533203125 0.6923828125
32 0.5595703125 0.65234375 0.5390625 0.65234375 0.5390625 0.6943359375 0.5595703125 0.6943359375
50 0.5869140625 0.6552734375 0.5673828125 0.6552734375 0.5673828125 0.6962890625 0.5869140625 0.6962890625
40 0.6142578125 0.654296875 0.59375 0.654296875 0.59375 0.697265625 0.6142578125 0.697265625
23 0.642578125 0.65625 0.6220703125 0.65625 0.6220703125 0.7001953125 0.642578125 0.7001953125
39 0.669921875 0.6572265625 0.6494140625 0.6572265625 0.6494140625 0.7021484375 0.669921875 0.7021484375
32 0.701171875 0.6611328125 0.6787109375 0.6611328125 0.6787109375 0.705078125 0.701171875 0.705078125
50 0.73046875 0.6611328125 0.7080078125 0.6611328125 0.7080078125 0.708984375 0.73046875 0.708984375