40 0.2812500000000001 0.66015625 0.2656250000000001 0.66015625 0.2656250000000001 0.693359375 0.2812500000000001 0.693359375
40 0.3027343750000001 0.6611328125 0.2861328125000001 0.6611328125 0.2861328125000001 0.6943359375 0.3027343750000001 0.6943359375
40 0.3232421875000001 0.6611328125 0.3076171875000001 0.6611328125 0.3076171875000001 0.6953125 0.3232421875000001 0.6953125
34 0.3554687500000001 0.6611328125 0.3398437500000001 0.6611328125 0.3398437500000001 0.6962890625 0.3554687500000001 0.6962890625
28 0.3759765625000001 0.6640625 0.3593750000000001 0.6640625 0.3593750000000001 0.6962890625 0.3759765625000001 0.6962890625
30 0.3984375000000001 0.6640625 0.3808593750000001 0.6640625 0.3808593750000001 0.697265625 0.3984375000000001 0.697265625
23 0.4199218750000001 0.6650390625 0.4023437500000001 0.6650390625 0.4023437500000001 0.6982421875 0.4199218750000001 0.6982421875
24 0.4521484375000001 0.6650390625 0.4355468750000001 0.6650390625 0.4355468750000001 0.7001953125 0.4521484375000001 0.7001953125
23 0.4843750000000001 0.6669921875 0.4667968750000001 0.6669921875 0.4667968750000001 0.7001953125 0.4843750000000001 0.7001953125
26 0.5068359375 0.66796875 0.4892578125000001 0.66796875 0.4892578125000001 0.703125 0.5068359375 0.703125
44 0.5302734375 0.669921875 0.51171875 0.669921875 0.51171875 0.7041015625 0.5302734375 0.7041015625
53 0.5517578125 0.66796875 0.5341796875 0.66796875 0.5341796875 0.7041015625 0.5517578125 0.7041015625
49 0.5751953125 0.6708984375 0.5556640625 0.6708984375 0.5556640625 0.70703125 0.5751953125 0.70703125
19 0.59765625 0.6728515625 0.580078125 0.6728515625 0.580078125 0.7080078125 0.59765625 0.7080078125
52 0.6220703125 0.6728515625 0.603515625 0.6728515625 0.603515625 0.7119140625 0.6220703125 0.7119140625
19 0.65625 0.673828125 0.6376953125 0.673828125 0.6376953125 0.7119140625 0.65625 0.7119140625
41 0.6806640625 0.67578125 0.662109375 0.67578125 0.662109375 0.7119140625 0.6806640625 0.7119140625
46 0.705078125 0.6787109375 0.6875 0.6787109375 0.6875 0.7119140625 0.705078125 0.7119140625
26 0.73046875 0.6796875 0.7119140625 0.6796875 0.7119140625 0.71484375 0.73046875 0.71484375
33 0.755859375 0.681640625 0.736328125 0.681640625 0.736328125 0.71484375 0.755859375 0.71484375
19 0.7802734375 0.6826171875 0.7626953125 0.6826171875 0.7626953125 0.7158203125 0.7802734375 0.7158203125
35 0.8056640625 0.685546875 0.787109375 0.685546875 0.787109375 0.7216796875 0.8056640625 0.7216796875
19 0.3662109375000001 0.708984375 0.3505859375000001 0.708984375 0.3505859375000001 0.740234375 0.3662109375000001 0.740234375
41 0.3886718750000001 0.7099609375 0.3720703125000001 0.7099609375 0.3720703125000001 0.7421875 0.3886718750000001 0.7421875
46 0.4111328125000001 0.7109375 0.3935546875000001 0.7109375 0.3935546875000001 0.7431640625 0.4111328125000001 0.7431640625
26 0.4316406250000001 0.7109375 0.4160156250000001 0.7109375 0.4160156250000001 0.7431640625 0.4316406250000001 0.7431640625
22 0.4541015625000001 0.7119140625 0.4365234375000001 0.7119140625 0.4365234375000001 0.7451171875 0.4541015625000001 0.7451171875
39 0.4755859375000001 0.7138671875 0.4580078125000001 0.7138671875 0.4580078125000001 0.7470703125 0.4755859375000001 0.7470703125
32 0.4990234375000001 0.71484375 0.4804687500000001 0.71484375 0.4804687500000001 0.75 0.4990234375000001 0.75
31 0.521484375 0.7158203125 0.5029296875 0.7158203125 0.5029296875 0.75 0.521484375 0.75
41 0.5537109375 0.716796875 0.5361328125 0.716796875 0.5361328125 0.75390625 0.5537109375 0.75390625
51 0.576171875 0.71875 0.55859375 0.71875 0.55859375 0.7548828125 0.576171875 0.7548828125
39 0.599609375 0.71875 0.5810546875 0.71875 0.5810546875 0.755859375 0.599609375 0.755859375
33 0.6220703125 0.720703125 0.6044921875 0.720703125 0.6044921875 0.755859375 0.6220703125 0.755859375
46 0.6455078125 0.724609375 0.6279296875 0.724609375 0.6279296875 0.7578125 0.6455078125 0.7578125
42 0.2724609375000001 0.75 0.2548828125000001 0.75 0.2548828125000001 0.783203125 0.2724609375000001 0.783203125
26 0.2919921875000001 0.75 0.2753906250000001 0.75 0.2753906250000001 0.783203125 0.2919921875000001 0.783203125
29 0.3125000000000001 0.7529296875 0.2968750000000001 0.7529296875 0.2968750000000001 0.783203125 0.3125000000000001 0.783203125
30 0.3330078125000001 0.7529296875 0.3183593750000001 0.7529296875 0.3183593750000001 0.7841796875 0.3330078125000001 0.7841796875
37 0.3544921875000001 0.75390625 0.3388671875000001 0.75390625 0.3388671875000001 0.787109375 0.3544921875000001 0.787109375
42 0.3857421875000001 0.755859375 0.3691406250000001 0.755859375 0.3691406250000001 0.7900390625 0.3857421875000001 0.7900390625
19 0.4052734375000001 0.755859375 0.3896484375000001 0.755859375 0.3896484375000001 0.7890625 0.4052734375000001 0.7890625
20 0.4277343750000001 0.7578125 0.4121093750000001 0.7578125 0.4121093750000001 0.791015625 0.4277343750000001 0.791015625
40 0.4501953125000001 0.7548828125 0.4335937500000001 0.7548828125 0.4335937500000001 0.7919921875 0.4501953125000001 0.7919921875
46 0.4726562500000001 0.7568359375 0.4550781250000001 0.7568359375 0.4550781250000001 0.7919921875 0.4726562500000001 0.7919921875
32 0.4941406250000001 0.7587890625 0.4765625000000001 0.7587890625 0.4765625000000001 0.7958984375 0.4941406250000001 0.7958984375
43 0.5263671875 0.76171875 0.5087890625 0.76171875 0.5087890625 0.7978515625 0.5263671875 0.7978515625
47 0.58203125 0.7646484375 0.564453125 0.7646484375 0.564453125 0.802734375 0.58203125 0.802734375
23 0.662109375 0.7734375 0.64453125 0.7734375 0.64453125 0.8076171875 0.662109375 0.8076171875
40 0.6865234375 0.7734375 0.6669921875 0.7734375 0.6669921875 0.8095703125 0.6865234375 0.8095703125
47 0.7705078125 0.78125 0.7509765625 0.78125 0.7509765625 0.8173828125 0.7705078125 0.8173828125
20 0.3125000000000001 0.796875 0.2968750000000001 0.796875 0.2968750000000001 0.8291015625 0.3125000000000001 0.8291015625
26 0.3339843750000001 0.794921875 0.3173828125000001 0.794921875 0.3173828125000001 0.828125 0.3339843750000001 0.828125
54 0.3544921875000001 0.796875 0.3388671875000001 0.796875 0.3388671875000001 0.8310546875 0.3544921875000001 0.8310546875
41 0.3867187500000001 0.798828125 0.3701171875000001 0.798828125 0.3701171875000001 0.83203125 0.3867187500000001 0.83203125
26 0.4072265625000001 0.80078125 0.3906250000000001 0.80078125 0.3906250000000001 0.833984375 0.4072265625000001 0.833984375
42 0.4296875000000001 0.8046875 0.4121093750000001 0.8046875 0.4121093750000001 0.83984375 0.4296875000000001 0.83984375
26 0.4501953125000001 0.8037109375 0.4326171875000001 0.8037109375 0.4326171875000001 0.8388671875 0.4501953125000001 0.8388671875
42 0.4716796875000001 0.8076171875 0.4541015625000001 0.8076171875 0.4541015625000001 0.8408203125 0.4716796875000001 0.8408203125
32 0.4951171875000001 0.8076171875 0.4765625000000001 0.8076171875 0.4765625000000001 0.8408203125 0.4951171875000001 0.8408203125
49 0.515625 0.8095703125 0.4990234375000001 0.8095703125 0.4990234375000001 0.84375 0.515625 0.84375
19 0.5380859375 0.8095703125 0.5205078125 0.8095703125 0.5205078125 0.841796875 0.5380859375 0.841796875
30 0.5703125 0.8134765625 0.552734375 0.8134765625 0.552734375 0.84765625 0.5703125 0.84765625
49 0.6044921875 0.8173828125 0.5869140625 0.8173828125 0.5869140625 0.849609375 0.6044921875 0.849609375
32 0.626953125 0.8193359375 0.6083984375 0.8193359375 0.6083984375 0.8515625 0.626953125 0.8515625
50 0.650390625 0.8212890625 0.6328125 0.8212890625 0.6328125 0.85546875 0.650390625 0.85546875
40 0.673828125 0.822265625 0.6552734375 0.822265625 0.6552734375 0.85546875 0.673828125 0.85546875
23 0.6982421875 0.8232421875 0.6787109375 0.8232421875 0.6787109375 0.857421875 0.6982421875 0.857421875
39 0.7216796875 0.8251953125 0.7021484375 0.8251953125 0.7021484375 0.859375 0.7216796875 0.859375
32 0.7470703125 0.8291015625 0.7255859375 0.8291015625 0.7255859375 0.8623046875 0.7470703125 0.8623046875
50 0.7705078125 0.830078125 0.7509765625 0.830078125 0.7509765625 0.8642578125 0.7705078125 0.8642578125