40 0.3281250000000001 0.6767578125 0.3144531250000001 0.6767578125 0.3144531250000001 0.7041015625 0.3281250000000001 0.7041015625
40 0.3466796875000001 0.67578125 0.3330078125000001 0.67578125 0.3330078125000001 0.703125 0.3466796875000001 0.703125
40 0.3642578125000001 0.673828125 0.3505859375000001 0.673828125 0.3505859375000001 0.7021484375 0.3642578125000001 0.7021484375
34 0.3916015625000001 0.669921875 0.3769531250000001 0.669921875 0.3769531250000001 0.69921875 0.3916015625000001 0.69921875
28 0.4091796875000001 0.669921875 0.3955078125000001 0.669921875 0.3955078125000001 0.6982421875 0.4091796875000001 0.6982421875
30 0.4267578125000001 0.6689453125 0.4130859375000001 0.6689453125 0.4130859375000001 0.6962890625 0.4267578125000001 0.6962890625
23 0.4453125000000001 0.6669921875 0.4316406250000001 0.6669921875 0.4316406250000001 0.6962890625 0.4453125000000001 0.6962890625
24 0.4726562500000001 0.6669921875 0.4589843750000001 0.6669921875 0.4589843750000001 0.6943359375 0.4726562500000001 0.6943359375
23 0.4990234375000001 0.6630859375 0.4843750000000001 0.6630859375 0.4843750000000001 0.69140625 0.4990234375000001 0.69140625
26 0.517578125 0.6640625 0.5029296875 0.6640625 0.5029296875 0.6904296875 0.517578125 0.6904296875
44 0.5361328125 0.6630859375 0.521484375 0.6630859375 0.521484375 0.69140625 0.5361328125 0.69140625
53 0.5546875 0.662109375 0.5400390625 0.662109375 0.5400390625 0.6904296875 0.5546875 0.6904296875
49 0.57421875 0.66015625 0.55859375 0.66015625 0.55859375 0.6884765625 0.57421875 0.6884765625
19 0.5908203125 0.6591796875 0.576171875 0.6591796875 0.576171875 0.6865234375 0.5908203125 0.6865234375
52 0.611328125 0.658203125 0.595703125 0.658203125 0.595703125 0.6875 0.611328125 0.6875
19 0.6376953125 0.6572265625 0.6240234375 0.6572265625 0.6240234375 0.6845703125 0.6376953125 0.6845703125
41 0.6572265625 0.6552734375 0.642578125 0.6552734375 0.642578125 0.685546875 0.6572265625 0.685546875
46 0.6767578125 0.6552734375 0.6630859375 0.6552734375 0.6630859375 0.68359375 0.6767578125 0.68359375
26 0.6962890625 0.654296875 0.681640625 0.654296875 0.681640625 0.68359375 0.6962890625 0.68359375
33 0.7158203125 0.654296875 0.701171875 0.654296875 0.701171875 0.6826171875 0.7158203125 0.6826171875
19 0.734375 0.65234375 0.720703125 0.65234375 0.720703125 0.681640625 0.734375 0.681640625
35 0.755859375 0.6513671875 0.7412109375 0.6513671875 0.7412109375 0.681640625 0.755859375 0.681640625
19 0.4003906250000001 0.7109375 0.3876953125000001 0.7109375 0.3876953125000001 0.7373046875 0.4003906250000001 0.7373046875
41 0.4189453125000001 0.7099609375 0.4062500000000001 0.7099609375 0.4062500000000001 0.73828125 0.4189453125000001 0.73828125
46 0.4375000000000001 0.708984375 0.4248046875000001 0.708984375 0.4248046875000001 0.7373046875 0.4375000000000001 0.7373046875
26 0.4550781250000001 0.7060546875 0.4433593750000001 0.7060546875 0.4433593750000001 0.734375 0.4550781250000001 0.734375
22 0.4746093750000001 0.7060546875 0.4599609375000001 0.7060546875 0.4599609375000001 0.734375 0.4746093750000001 0.734375
39 0.4921875000000001 0.705078125 0.4785156250000001 0.705078125 0.4785156250000001 0.734375 0.4921875000000001 0.734375
32 0.5126953125 0.7041015625 0.4980468750000001 0.7041015625 0.4980468750000001 0.7333984375 0.5126953125 0.7333984375
31 0.5302734375 0.7041015625 0.515625 0.7041015625 0.515625 0.732421875 0.5302734375 0.732421875
41 0.556640625 0.703125 0.54296875 0.703125 0.54296875 0.7314453125 0.556640625 0.7314453125
51 0.576171875 0.7021484375 0.560546875 0.7021484375 0.560546875 0.7314453125 0.576171875 0.7314453125
39 0.5947265625 0.7001953125 0.580078125 0.7001953125 0.580078125 0.728515625 0.5947265625 0.728515625
33 0.6123046875 0.69921875 0.5986328125 0.69921875 0.5986328125 0.728515625 0.6123046875 0.728515625
46 0.6318359375 0.69921875 0.6181640625 0.69921875 0.6181640625 0.728515625 0.6318359375 0.728515625
42 0.3193359375000001 0.7568359375 0.3037109375000001 0.7568359375 0.3037109375000001 0.78515625 0.3193359375000001 0.78515625
26 0.3369140625000001 0.755859375 0.3232421875000001 0.755859375 0.3232421875000001 0.78515625 0.3369140625000001 0.78515625
29 0.3544921875000001 0.7548828125 0.3417968750000001 0.7548828125 0.3417968750000001 0.783203125 0.3544921875000001 0.783203125
30 0.3730468750000001 0.7529296875 0.3603515625000001 0.7529296875 0.3603515625000001 0.7822265625 0.3730468750000001 0.7822265625
37 0.3906250000000001 0.7529296875 0.3779296875000001 0.7529296875 0.3779296875000001 0.78125 0.3906250000000001 0.78125
42 0.4179687500000001 0.7509765625 0.4033203125000001 0.7509765625 0.4033203125000001 0.779296875 0.4179687500000001 0.779296875
19 0.4355468750000001 0.75 0.4218750000000001 0.75 0.4218750000000001 0.7783203125 0.4355468750000001 0.7783203125
20 0.4541015625000001 0.7490234375 0.4404296875000001 0.7490234375 0.4404296875000001 0.7763671875 0.4541015625000001 0.7763671875
40 0.4716796875000001 0.748046875 0.4580078125000001 0.748046875 0.4580078125000001 0.7763671875 0.4716796875000001 0.7763671875
46 0.4902343750000001 0.7470703125 0.4765625000000001 0.7470703125 0.4765625000000001 0.775390625 0.4902343750000001 0.775390625
32 0.509765625 0.74609375 0.4960937500000001 0.74609375 0.4960937500000001 0.7744140625 0.509765625 0.7744140625
43 0.5361328125 0.744140625 0.5224609375 0.744140625 0.5224609375 0.7724609375 0.5361328125 0.7724609375
47 0.58203125 0.7421875 0.568359375 0.7421875 0.568359375 0.771484375 0.58203125 0.771484375
23 0.6474609375 0.7392578125 0.6328125 0.7392578125 0.6328125 0.7685546875 0.6474609375 0.7685546875
40 0.6669921875 0.7392578125 0.65234375 0.7392578125 0.65234375 0.7685546875 0.6669921875 0.7685546875
47 0.734375 0.7353515625 0.71875 0.7353515625 0.71875 0.7666015625 0.734375 0.7666015625
20 0.3564453125000001 0.7958984375 0.3417968750000001 0.7958984375 0.3417968750000001 0.8232421875 0.3564453125000001 0.8232421875
26 0.3740234375000001 0.794921875 0.3603515625000001 0.794921875 0.3603515625000001 0.822265625 0.3740234375000001 0.822265625
54 0.3935546875000001 0.7919921875 0.3789062500000001 0.7919921875 0.3789062500000001 0.8212890625 0.3935546875000001 0.8212890625
41 0.4189453125000001 0.7919921875 0.4042968750000001 0.7919921875 0.4042968750000001 0.8203125 0.4189453125000001 0.8203125
26 0.4375000000000001 0.7900390625 0.4228515625000001 0.7900390625 0.4228515625000001 0.818359375 0.4375000000000001 0.818359375
42 0.4560546875000001 0.7900390625 0.4414062500000001 0.7900390625 0.4414062500000001 0.818359375 0.4560546875000001 0.818359375
26 0.4746093750000001 0.7880859375 0.4589843750000001 0.7880859375 0.4589843750000001 0.81640625 0.4746093750000001 0.81640625
42 0.4921875000000001 0.7880859375 0.4775390625000001 0.7880859375 0.4775390625000001 0.8154296875 0.4921875000000001 0.8154296875
32 0.5107421875 0.7861328125 0.4960937500000001 0.7861328125 0.4960937500000001 0.814453125 0.5107421875 0.814453125
49 0.529296875 0.7861328125 0.515625 0.7861328125 0.515625 0.8134765625 0.529296875 0.8134765625
19 0.5458984375 0.78515625 0.533203125 0.78515625 0.533203125 0.8115234375 0.5458984375 0.8115234375
30 0.5732421875 0.7841796875 0.560546875 0.7841796875 0.560546875 0.810546875 0.5732421875 0.810546875
49 0.6015625 0.783203125 0.587890625 0.783203125 0.587890625 0.810546875 0.6015625 0.810546875
32 0.62109375 0.7822265625 0.6064453125 0.7822265625 0.6064453125 0.810546875 0.62109375 0.810546875
50 0.6396484375 0.7822265625 0.6259765625 0.7822265625 0.6259765625 0.8095703125 0.6396484375 0.8095703125
40 0.6591796875 0.78125 0.64453125 0.78125 0.64453125 0.8095703125 0.6591796875 0.8095703125
23 0.677734375 0.7802734375 0.6630859375 0.7802734375 0.6630859375 0.80859375 0.677734375 0.80859375
39 0.6962890625 0.7802734375 0.6826171875 0.7802734375 0.6826171875 0.8076171875 0.6962890625 0.8076171875
32 0.716796875 0.779296875 0.7021484375 0.779296875 0.7021484375 0.8076171875 0.716796875 0.8076171875
50 0.736328125 0.7783203125 0.7216796875 0.7783203125 0.7216796875 0.80859375 0.736328125 0.80859375