40 0.22167968750000006 0.5927734375 0.20605468750000006 0.5927734375 0.20605468750000006 0.626953125 0.22167968750000006 0.626953125
40 0.24316406250000006 0.5927734375 0.22949218750000006 0.5927734375 0.22949218750000006 0.625 0.24316406250000006 0.625
40 0.2646484375000001 0.5908203125 0.2509765625000001 0.5908203125 0.2509765625000001 0.625 0.2646484375000001 0.625
34 0.2978515625000001 0.5888671875 0.2832031250000001 0.5888671875 0.2832031250000001 0.62109375 0.2978515625000001 0.62109375
28 0.3203125000000001 0.5869140625 0.3046875000000001 0.5869140625 0.3046875000000001 0.6220703125 0.3203125000000001 0.6220703125
30 0.3427734375000001 0.583984375 0.3271484375000001 0.583984375 0.3271484375000001 0.619140625 0.3427734375000001 0.619140625
23 0.3652343750000001 0.583984375 0.3486328125000001 0.583984375 0.3486328125000001 0.6171875 0.3652343750000001 0.6171875
24 0.3974609375000001 0.58203125 0.3818359375000001 0.58203125 0.3818359375000001 0.6142578125 0.3974609375000001 0.6142578125
23 0.4306640625000001 0.5791015625 0.4130859375000001 0.5791015625 0.4130859375000001 0.6162109375 0.4306640625000001 0.6162109375
26 0.4521484375000001 0.578125 0.4355468750000001 0.578125 0.4355468750000001 0.615234375 0.4521484375000001 0.615234375
44 0.4746093750000001 0.57421875 0.4580078125000001 0.57421875 0.4580078125000001 0.611328125 0.4746093750000001 0.611328125
53 0.4970703125000001 0.5732421875 0.4804687500000001 0.5732421875 0.4804687500000001 0.609375 0.4970703125000001 0.609375
49 0.51953125 0.572265625 0.501953125 0.572265625 0.501953125 0.607421875 0.51953125 0.607421875
19 0.541015625 0.5703125 0.5234375 0.5703125 0.5234375 0.60546875 0.541015625 0.60546875
52 0.564453125 0.568359375 0.5458984375 0.568359375 0.5458984375 0.6044921875 0.564453125 0.6044921875
19 0.5966796875 0.56640625 0.5791015625 0.56640625 0.5791015625 0.6025390625 0.5966796875 0.6025390625
41 0.619140625 0.5634765625 0.6015625 0.5634765625 0.6015625 0.6025390625 0.619140625 0.6025390625
46 0.6435546875 0.5634765625 0.625 0.5634765625 0.625 0.6015625 0.6435546875 0.6015625
26 0.6669921875 0.5625 0.646484375 0.5625 0.646484375 0.5986328125 0.6669921875 0.5986328125
33 0.6904296875 0.560546875 0.6708984375 0.560546875 0.6708984375 0.599609375 0.6904296875 0.599609375
19 0.7138671875 0.5595703125 0.693359375 0.5595703125 0.693359375 0.59765625 0.7138671875 0.59765625
35 0.73828125 0.556640625 0.7177734375 0.556640625 0.7177734375 0.595703125 0.73828125 0.595703125
19 0.3095703125000001 0.6376953125 0.2949218750000001 0.6376953125 0.2949218750000001 0.669921875 0.3095703125000001 0.669921875
41 0.3310546875000001 0.6357421875 0.3164062500000001 0.6357421875 0.3164062500000001 0.66796875 0.3310546875000001 0.66796875
46 0.3544921875000001 0.6337890625 0.3398437500000001 0.6337890625 0.3398437500000001 0.6669921875 0.3544921875000001 0.6669921875
26 0.3759765625000001 0.6298828125 0.3623046875000001 0.6298828125 0.3623046875000001 0.666015625 0.3759765625000001 0.666015625
22 0.3994140625000001 0.6298828125 0.3837890625000001 0.6298828125 0.3837890625000001 0.6650390625 0.3994140625000001 0.6650390625
39 0.4218750000000001 0.6279296875 0.4062500000000001 0.6279296875 0.4062500000000001 0.6630859375 0.4218750000000001 0.6630859375
32 0.4453125000000001 0.6259765625 0.4287109375000001 0.6259765625 0.4287109375000001 0.6630859375 0.4453125000000001 0.6630859375
31 0.4667968750000001 0.6259765625 0.4501953125000001 0.6259765625 0.4501953125000001 0.66015625 0.4667968750000001 0.66015625
41 0.4980468750000001 0.623046875 0.4824218750000001 0.623046875 0.4824218750000001 0.6591796875 0.4980468750000001 0.6591796875
51 0.521484375 0.6220703125 0.5048828125 0.6220703125 0.5048828125 0.658203125 0.521484375 0.658203125
39 0.544921875 0.619140625 0.52734375 0.619140625 0.52734375 0.65625 0.544921875 0.65625
33 0.568359375 0.6171875 0.5498046875 0.6171875 0.5498046875 0.65625 0.568359375 0.65625
46 0.58984375 0.6171875 0.5712890625 0.6171875 0.5712890625 0.654296875 0.58984375 0.654296875
42 0.2080078125000001 0.693359375 0.1894531250000001 0.693359375 0.1894531250000001 0.728515625 0.2080078125000001 0.728515625
26 0.2304687500000001 0.69140625 0.2138671875000001 0.69140625 0.2138671875000001 0.728515625 0.2304687500000001 0.728515625
29 0.2529296875000001 0.689453125 0.2363281250000001 0.689453125 0.2363281250000001 0.728515625 0.2529296875000001 0.728515625
30 0.2744140625000001 0.6884765625 0.2578125000000001 0.6884765625 0.2578125000000001 0.7275390625 0.2744140625000001 0.7275390625
37 0.2968750000000001 0.6865234375 0.2792968750000001 0.6865234375 0.2792968750000001 0.7236328125 0.2968750000000001 0.7236328125
42 0.3291015625000001 0.6865234375 0.3115234375000001 0.6865234375 0.3115234375000001 0.720703125 0.3291015625000001 0.720703125
19 0.3515625000000001 0.6845703125 0.3349609375000001 0.6845703125 0.3349609375000001 0.71875 0.3515625000000001 0.71875
20 0.3740234375000001 0.6826171875 0.3574218750000001 0.6826171875 0.3574218750000001 0.716796875 0.3740234375000001 0.716796875
40 0.3955078125000001 0.681640625 0.3798828125000001 0.681640625 0.3798828125000001 0.7158203125 0.3955078125000001 0.7158203125
46 0.4179687500000001 0.6787109375 0.4023437500000001 0.6787109375 0.4023437500000001 0.7138671875 0.4179687500000001 0.7138671875
32 0.4404296875000001 0.677734375 0.4248046875000001 0.677734375 0.4248046875000001 0.712890625 0.4404296875000001 0.712890625
43 0.4736328125000001 0.67578125 0.4570312500000001 0.67578125 0.4570312500000001 0.7109375 0.4736328125000001 0.7109375
47 0.5283203125 0.671875 0.5126953125 0.671875 0.5126953125 0.708984375 0.5283203125 0.708984375
23 0.607421875 0.66796875 0.58984375 0.66796875 0.58984375 0.705078125 0.607421875 0.705078125
40 0.630859375 0.666015625 0.61328125 0.666015625 0.61328125 0.7041015625 0.630859375 0.7041015625
47 0.712890625 0.662109375 0.6943359375 0.662109375 0.6943359375 0.6982421875 0.712890625 0.6982421875
20 0.2519531250000001 0.7412109375 0.2353515625000001 0.7412109375 0.2353515625000001 0.7763671875 0.2519531250000001 0.7763671875
26 0.2744140625000001 0.740234375 0.2587890625000001 0.740234375 0.2587890625000001 0.775390625 0.2744140625000001 0.775390625
54 0.2978515625000001 0.7373046875 0.2812500000000001 0.7373046875 0.2812500000000001 0.7734375 0.2978515625000001 0.7734375
41 0.3291015625000001 0.7353515625 0.3134765625000001 0.7353515625 0.3134765625000001 0.7705078125 0.3291015625000001 0.7705078125
26 0.3515625000000001 0.734375 0.3349609375000001 0.734375 0.3349609375000001 0.767578125 0.3515625000000001 0.767578125
42 0.3750000000000001 0.7333984375 0.3574218750000001 0.7333984375 0.3574218750000001 0.7685546875 0.3750000000000001 0.7685546875
26 0.3974609375000001 0.732421875 0.3808593750000001 0.732421875 0.3808593750000001 0.7666015625 0.3974609375000001 0.7666015625
42 0.4189453125000001 0.7314453125 0.4023437500000001 0.7314453125 0.4023437500000001 0.765625 0.4189453125000001 0.765625
32 0.4423828125000001 0.728515625 0.4257812500000001 0.728515625 0.4257812500000001 0.7626953125 0.4423828125000001 0.7626953125
49 0.4648437500000001 0.7275390625 0.4482421875000001 0.7275390625 0.4482421875000001 0.7626953125 0.4648437500000001 0.7626953125
19 0.4873046875000001 0.7255859375 0.4687500000000001 0.7255859375 0.4687500000000001 0.759765625 0.4873046875000001 0.759765625
30 0.51953125 0.72265625 0.5029296875 0.72265625 0.5029296875 0.759765625 0.51953125 0.759765625
49 0.5537109375 0.7216796875 0.5361328125 0.7216796875 0.5361328125 0.7578125 0.5537109375 0.7578125
32 0.576171875 0.720703125 0.5595703125 0.720703125 0.5595703125 0.7578125 0.576171875 0.7578125
50 0.599609375 0.7197265625 0.5810546875 0.7197265625 0.5810546875 0.7568359375 0.599609375 0.7568359375
40 0.6220703125 0.7197265625 0.603515625 0.7197265625 0.603515625 0.755859375 0.6220703125 0.755859375
23 0.6455078125 0.7177734375 0.626953125 0.7177734375 0.626953125 0.75390625 0.6455078125 0.75390625
39 0.6689453125 0.7158203125 0.6494140625 0.7158203125 0.6494140625 0.7529296875 0.6689453125 0.7529296875
32 0.6943359375 0.71484375 0.6728515625 0.71484375 0.6728515625 0.751953125 0.6943359375 0.751953125
50 0.716796875 0.7138671875 0.697265625 0.7138671875 0.697265625 0.751953125 0.716796875 0.751953125