49 0.4023437500000001 0.537109375 0.3906250000000001 0.537109375 0.3906250000000001 0.5595703125 0.4023437500000001 0.5595703125
32 0.4169921875000001 0.537109375 0.4052734375000001 0.537109375 0.4052734375000001 0.5595703125 0.4169921875000001 0.5595703125
54 0.4306640625000001 0.537109375 0.4189453125000001 0.537109375 0.4189453125000001 0.5595703125 0.4306640625000001 0.5595703125
40 0.4453125000000001 0.537109375 0.4335937500000001 0.537109375 0.4335937500000001 0.5595703125 0.4453125000000001 0.5595703125
49 0.4599609375000001 0.537109375 0.4482421875000001 0.537109375 0.4482421875000001 0.55859375 0.4599609375000001 0.55859375
41 0.4882812500000001 0.5361328125 0.4775390625000001 0.5361328125 0.4775390625000001 0.55859375 0.4882812500000001 0.55859375
26 0.5029296875 0.5361328125 0.4921875000000001 0.5361328125 0.4921875000000001 0.5595703125 0.5029296875 0.5595703125
42 0.5166015625 0.5361328125 0.505859375 0.5361328125 0.505859375 0.55859375 0.5166015625 0.55859375
43 0.53125 0.5341796875 0.5205078125 0.5341796875 0.5205078125 0.556640625 0.53125 0.556640625
40 0.5458984375 0.53515625 0.53515625 0.53515625 0.53515625 0.556640625 0.5458984375 0.556640625
39 0.560546875 0.5341796875 0.5498046875 0.5341796875 0.5498046875 0.556640625 0.560546875 0.556640625
19 0.5751953125 0.5341796875 0.564453125 0.5341796875 0.564453125 0.556640625 0.5751953125 0.556640625
36 0.58984375 0.5341796875 0.578125 0.5341796875 0.578125 0.556640625 0.58984375 0.556640625
19 0.6044921875 0.533203125 0.59375 0.533203125 0.59375 0.5556640625 0.6044921875 0.5556640625
47 0.619140625 0.5322265625 0.6083984375 0.5322265625 0.6083984375 0.5537109375 0.619140625 0.5537109375
41 0.4033203125000001 0.5673828125 0.3916015625000001 0.5673828125 0.3916015625000001 0.58984375 0.4033203125000001 0.58984375
40 0.4169921875000001 0.5673828125 0.4062500000000001 0.5673828125 0.4062500000000001 0.58984375 0.4169921875000001 0.58984375
23 0.4316406250000001 0.56640625 0.4208984375000001 0.56640625 0.4208984375000001 0.58984375 0.4316406250000001 0.58984375
54 0.4599609375000001 0.56640625 0.4492187500000001 0.56640625 0.4492187500000001 0.5888671875 0.4599609375000001 0.5888671875
39 0.4746093750000001 0.56640625 0.4638671875000001 0.56640625 0.4638671875000001 0.5888671875 0.4746093750000001 0.5888671875
19 0.4882812500000001 0.56640625 0.4775390625000001 0.56640625 0.4775390625000001 0.587890625 0.4882812500000001 0.587890625
33 0.5029296875 0.5654296875 0.4921875000000001 0.5654296875 0.4921875000000001 0.587890625 0.5029296875 0.587890625
40 0.517578125 0.56640625 0.5068359375 0.56640625 0.5068359375 0.587890625 0.517578125 0.587890625
37 0.5322265625 0.5654296875 0.521484375 0.5654296875 0.521484375 0.5869140625 0.5322265625 0.5869140625