49 0.4003906250000001 0.564453125 0.3876953125000001 0.564453125 0.3876953125000001 0.5908203125 0.4003906250000001 0.5908203125
32 0.4179687500000001 0.5634765625 0.4052734375000001 0.5634765625 0.4052734375000001 0.58984375 0.4179687500000001 0.58984375
54 0.4355468750000001 0.5625 0.4228515625000001 0.5625 0.4228515625000001 0.5888671875 0.4355468750000001 0.5888671875
40 0.4531250000000001 0.5615234375 0.4404296875000001 0.5615234375 0.4404296875000001 0.5869140625 0.4531250000000001 0.5869140625
49 0.4697265625000001 0.5595703125 0.4570312500000001 0.5595703125 0.4570312500000001 0.5849609375 0.4697265625000001 0.5849609375
41 0.5029296875 0.556640625 0.4902343750000001 0.556640625 0.4902343750000001 0.5830078125 0.5029296875 0.5830078125
26 0.51953125 0.5556640625 0.5078125 0.5556640625 0.5078125 0.5810546875 0.51953125 0.5810546875
42 0.53515625 0.5546875 0.5234375 0.5546875 0.5234375 0.5791015625 0.53515625 0.5791015625
43 0.55078125 0.552734375 0.5390625 0.552734375 0.5390625 0.578125 0.55078125 0.578125
40 0.56640625 0.5517578125 0.5546875 0.5517578125 0.5546875 0.576171875 0.56640625 0.576171875
39 0.58203125 0.5498046875 0.5703125 0.5498046875 0.5703125 0.57421875 0.58203125 0.57421875
19 0.59765625 0.548828125 0.5859375 0.548828125 0.5859375 0.572265625 0.59765625 0.572265625
36 0.6123046875 0.5478515625 0.6005859375 0.5478515625 0.6005859375 0.5712890625 0.6123046875 0.5712890625
19 0.626953125 0.5458984375 0.6162109375 0.5458984375 0.6162109375 0.5693359375 0.626953125 0.5693359375
47 0.640625 0.544921875 0.6298828125 0.544921875 0.6298828125 0.5673828125 0.640625 0.5673828125
41 0.4003906250000001 0.6015625 0.3876953125000001 0.6015625 0.3876953125000001 0.6279296875 0.4003906250000001 0.6279296875
40 0.4179687500000001 0.6005859375 0.4052734375000001 0.6005859375 0.4052734375000001 0.6259765625 0.4179687500000001 0.6259765625
23 0.4355468750000001 0.5986328125 0.4228515625000001 0.5986328125 0.4228515625000001 0.623046875 0.4355468750000001 0.623046875
54 0.4697265625000001 0.5966796875 0.4560546875000001 0.5966796875 0.4560546875000001 0.6201171875 0.4697265625000001 0.6201171875
39 0.4863281250000001 0.59375 0.4736328125000001 0.59375 0.4736328125000001 0.619140625 0.4863281250000001 0.619140625
19 0.501953125 0.5927734375 0.4902343750000001 0.5927734375 0.4902343750000001 0.6162109375 0.501953125 0.6162109375
33 0.5185546875 0.591796875 0.5068359375 0.591796875 0.5068359375 0.6162109375 0.5185546875 0.6162109375
40 0.5341796875 0.58984375 0.5224609375 0.58984375 0.5224609375 0.61328125 0.5341796875 0.61328125
37 0.5498046875 0.587890625 0.5380859375 0.587890625 0.5380859375 0.6123046875 0.5498046875 0.6123046875