49 0.3291015625000001 0.5205078125 0.3164062500000001 0.5205078125 0.3164062500000001 0.5458984375 0.3291015625000001 0.5458984375
32 0.3457031250000001 0.5205078125 0.3330078125000001 0.5205078125 0.3330078125000001 0.544921875 0.3457031250000001 0.544921875
54 0.3623046875000001 0.5205078125 0.3486328125000001 0.5205078125 0.3486328125000001 0.5458984375 0.3623046875000001 0.5458984375
40 0.3789062500000001 0.521484375 0.3662109375000001 0.521484375 0.3662109375000001 0.5458984375 0.3789062500000001 0.5458984375
49 0.3955078125000001 0.5224609375 0.3828125000000001 0.5224609375 0.3828125000000001 0.546875 0.3955078125000001 0.546875
41 0.4277343750000001 0.5224609375 0.4160156250000001 0.5224609375 0.4160156250000001 0.5458984375 0.4277343750000001 0.5458984375
26 0.4443359375000001 0.5224609375 0.4326171875000001 0.5224609375 0.4326171875000001 0.5478515625 0.4443359375000001 0.5478515625
42 0.4609375000000001 0.5234375 0.4492187500000001 0.5234375 0.4492187500000001 0.5478515625 0.4609375000000001 0.5478515625
43 0.4775390625000001 0.5234375 0.4658203125000001 0.5234375 0.4658203125000001 0.546875 0.4775390625000001 0.546875
40 0.4941406250000001 0.5224609375 0.4814453125000001 0.5224609375 0.4814453125000001 0.546875 0.4941406250000001 0.546875
39 0.5107421875 0.5224609375 0.4990234375000001 0.5224609375 0.4990234375000001 0.546875 0.5107421875 0.546875
19 0.5283203125 0.5234375 0.515625 0.5234375 0.515625 0.548828125 0.5283203125 0.548828125
36 0.5439453125 0.5224609375 0.53125 0.5224609375 0.53125 0.546875 0.5439453125 0.546875
19 0.5595703125 0.5224609375 0.5478515625 0.5224609375 0.5478515625 0.546875 0.5595703125 0.546875
47 0.576171875 0.521484375 0.5634765625 0.521484375 0.5634765625 0.5458984375 0.576171875 0.5458984375
41 0.3291015625000001 0.5546875 0.3173828125000001 0.5546875 0.3173828125000001 0.5791015625 0.3291015625000001 0.5791015625
40 0.3457031250000001 0.5546875 0.3339843750000001 0.5546875 0.3339843750000001 0.5791015625 0.3457031250000001 0.5791015625
23 0.3623046875000001 0.5546875 0.3505859375000001 0.5546875 0.3505859375000001 0.5791015625 0.3623046875000001 0.5791015625
54 0.3955078125000001 0.5556640625 0.3837890625000001 0.5556640625 0.3837890625000001 0.580078125 0.3955078125000001 0.580078125
39 0.4121093750000001 0.5556640625 0.4003906250000001 0.5556640625 0.4003906250000001 0.5791015625 0.4121093750000001 0.5791015625
19 0.4287109375000001 0.556640625 0.4169921875000001 0.556640625 0.4169921875000001 0.580078125 0.4287109375000001 0.580078125
33 0.4453125000000001 0.556640625 0.4335937500000001 0.556640625 0.4335937500000001 0.580078125 0.4453125000000001 0.580078125
40 0.4609375000000001 0.5556640625 0.4492187500000001 0.5556640625 0.4492187500000001 0.580078125 0.4609375000000001 0.580078125
37 0.4775390625000001 0.5556640625 0.4658203125000001 0.5556640625 0.4658203125000001 0.580078125 0.4775390625000001 0.580078125