40 0.18359375000000006 0.62109375 0.16992187500000006 0.62109375 0.16992187500000006 0.650390625 0.18359375000000006 0.650390625
40 0.20019531250000006 0.6201171875 0.18652343750000006 0.6201171875 0.18652343750000006 0.650390625 0.20019531250000006 0.650390625
40 0.21679687500000006 0.619140625 0.20410156250000006 0.619140625 0.20410156250000006 0.650390625 0.21679687500000006 0.650390625
34 0.24316406250000006 0.6201171875 0.22949218750000006 0.6201171875 0.22949218750000006 0.650390625 0.24316406250000006 0.650390625
28 0.2597656250000001 0.6162109375 0.24609375000000006 0.6162109375 0.24609375000000006 0.6474609375 0.2597656250000001 0.6474609375
30 0.2773437500000001 0.6162109375 0.2646484375000001 0.6162109375 0.2646484375000001 0.646484375 0.2773437500000001 0.646484375
23 0.2968750000000001 0.615234375 0.2822265625000001 0.615234375 0.2822265625000001 0.646484375 0.2968750000000001 0.646484375
24 0.3242187500000001 0.6201171875 0.3095703125000001 0.6201171875 0.3095703125000001 0.6484375 0.3242187500000001 0.6484375
23 0.3515625000000001 0.6123046875 0.3359375000000001 0.6123046875 0.3359375000000001 0.6435546875 0.3515625000000001 0.6435546875
26 0.3710937500000001 0.6123046875 0.3554687500000001 0.6123046875 0.3554687500000001 0.6435546875 0.3710937500000001 0.6435546875
44 0.3916015625000001 0.611328125 0.3759765625000001 0.611328125 0.3759765625000001 0.64453125 0.3916015625000001 0.64453125
53 0.4111328125000001 0.6103515625 0.3945312500000001 0.6103515625 0.3945312500000001 0.6435546875 0.4111328125000001 0.6435546875
49 0.4326171875000001 0.609375 0.4150390625000001 0.609375 0.4150390625000001 0.6416015625 0.4326171875000001 0.6416015625
19 0.4521484375000001 0.6083984375 0.4355468750000001 0.6083984375 0.4355468750000001 0.640625 0.4521484375000001 0.640625
52 0.4736328125000001 0.607421875 0.4560546875000001 0.607421875 0.4560546875000001 0.642578125 0.4736328125000001 0.642578125
19 0.5048828125 0.60546875 0.4882812500000001 0.60546875 0.4882812500000001 0.6396484375 0.5048828125 0.6396484375
41 0.52734375 0.60546875 0.5107421875 0.60546875 0.5107421875 0.642578125 0.52734375 0.642578125
46 0.55078125 0.60546875 0.533203125 0.60546875 0.533203125 0.640625 0.55078125 0.640625
26 0.57421875 0.6044921875 0.556640625 0.6044921875 0.556640625 0.6396484375 0.57421875 0.6396484375
33 0.599609375 0.603515625 0.5810546875 0.603515625 0.5810546875 0.640625 0.599609375 0.640625
19 0.6220703125 0.6015625 0.6044921875 0.6015625 0.6044921875 0.63671875 0.6220703125 0.63671875
35 0.6494140625 0.6064453125 0.6328125 0.6064453125 0.6328125 0.6416015625 0.6494140625 0.6416015625
46 0.4990234375000001 0.6591796875 0.4824218750000001 0.6591796875 0.4824218750000001 0.6943359375 0.4990234375000001 0.6943359375
33 0.4765625000000001 0.658203125 0.4599609375000001 0.658203125 0.4599609375000001 0.6953125 0.4765625000000001 0.6953125
39 0.4560546875000001 0.66015625 0.4394531250000001 0.66015625 0.4394531250000001 0.6943359375 0.4560546875000001 0.6943359375
51 0.4345703125000001 0.66015625 0.4179687500000001 0.66015625 0.4179687500000001 0.6962890625 0.4345703125000001 0.6962890625
41 0.4130859375000001 0.66015625 0.3984375000000001 0.66015625 0.3984375000000001 0.6943359375 0.4130859375000001 0.6943359375
19 0.2539062500000001 0.6640625 0.23925781250000006 0.6640625 0.23925781250000008 0.6943359375 0.2539062500000001 0.6943359375
41 0.2695312500000001 0.6640625 0.2568359375000001 0.6640625 0.2568359375000001 0.6953125 0.2695312500000001 0.6953125
46 0.2890625000000001 0.6640625 0.2753906250000001 0.6640625 0.2753906250000001 0.6953125 0.2890625000000001 0.6953125
26 0.3066406250000001 0.6611328125 0.2939453125000001 0.6611328125 0.2939453125000001 0.693359375 0.3066406250000001 0.693359375
22 0.3261718750000001 0.662109375 0.3115234375000001 0.662109375 0.3115234375000001 0.693359375 0.3261718750000001 0.693359375
39 0.3447265625000001 0.662109375 0.3300781250000001 0.662109375 0.3300781250000001 0.693359375 0.3447265625000001 0.693359375
32 0.3662109375000001 0.6611328125 0.3505859375000001 0.6611328125 0.3505859375000001 0.6953125 0.3662109375000001 0.6953125
31 0.3857421875000001 0.662109375 0.3691406250000001 0.662109375 0.3691406250000001 0.6943359375 0.3857421875000001 0.6943359375
42 0.1757812500000001 0.7099609375 0.1601562500000001 0.7099609375 0.1601562500000001 0.7412109375 0.1757812500000001 0.7412109375
26 0.1914062500000001 0.7109375 0.1777343750000001 0.7109375 0.1777343750000001 0.7412109375 0.1914062500000001 0.7412109375
29 0.2080078125000001 0.7109375 0.1943359375000001 0.7109375 0.1943359375000001 0.7412109375 0.2080078125000001 0.7412109375
30 0.2246093750000001 0.7109375 0.2119140625000001 0.7109375 0.2119140625000001 0.7421875 0.2246093750000001 0.7421875
37 0.2421875000000001 0.7109375 0.2285156250000001 0.7109375 0.2285156250000001 0.7421875 0.2421875000000001 0.7421875
42 0.2685546875000001 0.7109375 0.2539062500000001 0.7109375 0.2539062500000001 0.7421875 0.2685546875000001 0.7421875
19 0.2861328125000001 0.7099609375 0.2724609375000001 0.7099609375 0.2724609375000001 0.7412109375 0.2861328125000001 0.7412109375
20 0.3046875000000001 0.7099609375 0.2900390625000001 0.7099609375 0.2900390625000001 0.7412109375 0.3046875000000001 0.7412109375
40 0.3242187500000001 0.7109375 0.3095703125000001 0.7109375 0.3095703125000001 0.744140625 0.3242187500000001 0.744140625
46 0.3417968750000001 0.7109375 0.3281250000000001 0.7109375 0.3281250000000001 0.744140625 0.3417968750000001 0.744140625
32 0.3623046875000001 0.7119140625 0.3476562500000001 0.7119140625 0.3476562500000001 0.744140625 0.3623046875000001 0.744140625
43 0.3906250000000001 0.7119140625 0.3759765625000001 0.7119140625 0.3759765625000001 0.744140625 0.3906250000000001 0.744140625
47 0.4423828125000001 0.7138671875 0.4267578125000001 0.7138671875 0.4267578125000001 0.748046875 0.4423828125000001 0.748046875
23 0.5166015625 0.7119140625 0.4990234375000001 0.7119140625 0.4990234375000001 0.748046875 0.5166015625 0.748046875
40 0.5400390625 0.712890625 0.5234375 0.712890625 0.5234375 0.75 0.5400390625 0.75
47 0.625 0.7158203125 0.6064453125 0.7158203125 0.6064453125 0.75390625 0.625 0.75390625
20 0.2119140625000001 0.7568359375 0.1962890625000001 0.7568359375 0.1962890625000001 0.7880859375 0.2119140625000001 0.7880859375
26 0.2265625000000001 0.7568359375 0.2128906250000001 0.7568359375 0.2128906250000001 0.787109375 0.2265625000000001 0.787109375
54 0.2451171875000001 0.7568359375 0.2304687500000001 0.7568359375 0.2304687500000001 0.7890625 0.2451171875000001 0.7890625
41 0.2685546875000001 0.7578125 0.2558593750000001 0.7578125 0.2558593750000001 0.7890625 0.2685546875000001 0.7890625
26 0.2880859375000001 0.7587890625 0.2734375000000001 0.7587890625 0.2734375000000001 0.7900390625 0.2880859375000001 0.7900390625
42 0.3056640625000001 0.7587890625 0.2910156250000001 0.7587890625 0.2910156250000001 0.791015625 0.3056640625000001 0.791015625
26 0.3261718750000001 0.7587890625 0.3105468750000001 0.7587890625 0.3105468750000001 0.7919921875 0.3261718750000001 0.7919921875
42 0.3447265625000001 0.759765625 0.3291015625000001 0.759765625 0.3291015625000001 0.7939453125 0.3447265625000001 0.7939453125
32 0.3642578125000001 0.7607421875 0.3486328125000001 0.7607421875 0.3486328125000001 0.794921875 0.3642578125000001 0.794921875
49 0.3847656250000001 0.76171875 0.3681640625000001 0.76171875 0.3681640625000001 0.7958984375 0.3847656250000001 0.7958984375
19 0.4033203125000001 0.7607421875 0.3876953125000001 0.7607421875 0.3876953125000001 0.7939453125 0.4033203125000001 0.7939453125
30 0.4326171875000001 0.7626953125 0.4179687500000001 0.7626953125 0.4179687500000001 0.794921875 0.4326171875000001 0.794921875
49 0.4648437500000001 0.763671875 0.4482421875000001 0.763671875 0.4482421875000001 0.7998046875 0.4648437500000001 0.7998046875
32 0.4873046875000001 0.765625 0.4697265625000001 0.765625 0.4697265625000001 0.80078125 0.4873046875000001 0.80078125
50 0.5087890625 0.7666015625 0.4921875000000001 0.7666015625 0.4921875000000001 0.7998046875 0.5087890625 0.7998046875
40 0.53125 0.7666015625 0.513671875 0.7666015625 0.513671875 0.802734375 0.53125 0.802734375
23 0.5537109375 0.7685546875 0.5361328125 0.7685546875 0.5361328125 0.8037109375 0.5537109375 0.8037109375
39 0.578125 0.7685546875 0.5595703125 0.7685546875 0.5595703125 0.806640625 0.578125 0.806640625
32 0.603515625 0.771484375 0.583984375 0.771484375 0.583984375 0.80859375 0.603515625 0.80859375
50 0.6279296875 0.771484375 0.6083984375 0.771484375 0.6083984375 0.80859375 0.6279296875 0.80859375