40 0.1757812500000001 0.708984375 0.1591796875000001 0.708984375 0.1591796875000001 0.7412109375 0.1757812500000001 0.7412109375
40 0.1972656250000001 0.708984375 0.1806640625000001 0.708984375 0.1806640625000001 0.7412109375 0.1972656250000001 0.7412109375
40 0.2167968750000001 0.708984375 0.2011718750000001 0.708984375 0.2011718750000001 0.7421875 0.2167968750000001 0.7421875
34 0.2480468750000001 0.7099609375 0.2324218750000001 0.7099609375 0.2324218750000001 0.7421875 0.2480468750000001 0.7421875
28 0.2685546875000001 0.7099609375 0.2519531250000001 0.7099609375 0.2519531250000001 0.7412109375 0.2685546875000001 0.7412109375
30 0.2900390625000001 0.708984375 0.2734375000000001 0.708984375 0.2734375000000001 0.740234375 0.2900390625000001 0.740234375
23 0.3115234375000001 0.708984375 0.2949218750000001 0.708984375 0.2949218750000001 0.740234375 0.3115234375000001 0.740234375
24 0.3447265625000001 0.7119140625 0.3281250000000001 0.7119140625 0.3281250000000001 0.7431640625 0.3447265625000001 0.7431640625
23 0.3769531250000001 0.708984375 0.3593750000000001 0.708984375 0.3593750000000001 0.7421875 0.3769531250000001 0.7421875
26 0.3994140625000001 0.708984375 0.3808593750000001 0.708984375 0.3808593750000001 0.7431640625 0.3994140625000001 0.7431640625
44 0.4218750000000001 0.7109375 0.4042968750000001 0.7109375 0.4042968750000001 0.7451171875 0.4218750000000001 0.7451171875
53 0.4443359375000001 0.7099609375 0.4267578125000001 0.7099609375 0.4267578125000001 0.7451171875 0.4443359375000001 0.7451171875
49 0.4677734375000001 0.7119140625 0.4501953125000001 0.7119140625 0.4501953125000001 0.7451171875 0.4677734375000001 0.7451171875
19 0.4892578125000001 0.7109375 0.4716796875000001 0.7109375 0.4716796875000001 0.744140625 0.4892578125000001 0.744140625
52 0.5146484375 0.7119140625 0.4960937500000001 0.7119140625 0.4960937500000001 0.7470703125 0.5146484375 0.7470703125
19 0.546875 0.7119140625 0.5302734375 0.7119140625 0.5302734375 0.74609375 0.546875 0.74609375
41 0.57421875 0.712890625 0.5546875 0.712890625 0.5546875 0.7490234375 0.57421875 0.7490234375
46 0.5986328125 0.71484375 0.5810546875 0.71484375 0.5810546875 0.748046875 0.5986328125 0.748046875
26 0.6240234375 0.71484375 0.6044921875 0.71484375 0.6044921875 0.75 0.6240234375 0.75
33 0.6484375 0.7158203125 0.62890625 0.7158203125 0.62890625 0.7509765625 0.6484375 0.7509765625
19 0.6748046875 0.716796875 0.65625 0.716796875 0.65625 0.751953125 0.6748046875 0.751953125
35 0.7021484375 0.7197265625 0.6826171875 0.7197265625 0.6826171875 0.755859375 0.7021484375 0.755859375
19 0.2626953125000001 0.755859375 0.2470703125000001 0.755859375 0.2470703125000001 0.787109375 0.2626953125000001 0.787109375
41 0.2832031250000001 0.7568359375 0.2666015625000001 0.7568359375 0.2666015625000001 0.7890625 0.2832031250000001 0.7890625
46 0.3056640625000001 0.755859375 0.2890625000000001 0.755859375 0.2890625000000001 0.7890625 0.3056640625000001 0.7890625
26 0.3261718750000001 0.755859375 0.3105468750000001 0.755859375 0.3105468750000001 0.7880859375 0.3261718750000001 0.7880859375
22 0.3476562500000001 0.7568359375 0.3310546875000001 0.7568359375 0.3310546875000001 0.7900390625 0.3476562500000001 0.7900390625
39 0.3701171875000001 0.7568359375 0.3525390625000001 0.7568359375 0.3525390625000001 0.7900390625 0.3701171875000001 0.7900390625
32 0.3945312500000001 0.7587890625 0.3759765625000001 0.7587890625 0.3759765625000001 0.7919921875 0.3945312500000001 0.7919921875
31 0.4150390625000001 0.759765625 0.3974609375000001 0.759765625 0.3974609375000001 0.7919921875 0.4150390625000001 0.7919921875
41 0.4482421875000001 0.759765625 0.4306640625000001 0.759765625 0.4306640625000001 0.79296875 0.4482421875000001 0.79296875
51 0.4707031250000001 0.7587890625 0.4531250000000001 0.7587890625 0.4531250000000001 0.794921875 0.4707031250000001 0.794921875
39 0.4941406250000001 0.76171875 0.4755859375000001 0.76171875 0.4755859375000001 0.794921875 0.4941406250000001 0.794921875
33 0.5166015625 0.76171875 0.4990234375000001 0.76171875 0.4990234375000001 0.796875 0.5166015625 0.796875
46 0.5419921875 0.7626953125 0.5234375 0.7626953125 0.5234375 0.7958984375 0.5419921875 0.7958984375
42 0.1718750000000001 0.7998046875 0.1533203125000001 0.7998046875 0.1533203125000001 0.83203125 0.1718750000000001 0.83203125
26 0.1914062500000001 0.7998046875 0.1757812500000001 0.7998046875 0.1757812500000001 0.833984375 0.1914062500000001 0.833984375
29 0.2119140625000001 0.80078125 0.1962890625000001 0.80078125 0.1962890625000001 0.83203125 0.2119140625000001 0.83203125
30 0.2314453125000001 0.8017578125 0.2167968750000001 0.8017578125 0.2167968750000001 0.8330078125 0.2314453125000001 0.8330078125
37 0.2519531250000001 0.802734375 0.2363281250000001 0.802734375 0.2363281250000001 0.833984375 0.2519531250000001 0.833984375
42 0.2832031250000001 0.802734375 0.2666015625000001 0.802734375 0.2666015625000001 0.8349609375 0.2832031250000001 0.8349609375
19 0.3027343750000001 0.802734375 0.2871093750000001 0.802734375 0.2871093750000001 0.8359375 0.3027343750000001 0.8359375
20 0.3242187500000001 0.8037109375 0.3076171875000001 0.8037109375 0.3076171875000001 0.8369140625 0.3242187500000001 0.8369140625
40 0.3466796875000001 0.8046875 0.3300781250000001 0.8046875 0.3300781250000001 0.837890625 0.3466796875000001 0.837890625
46 0.3701171875000001 0.8056640625 0.3525390625000001 0.8056640625 0.3525390625000001 0.8369140625 0.3701171875000001 0.8369140625
32 0.3916015625000001 0.806640625 0.3750000000000001 0.806640625 0.3750000000000001 0.83984375 0.3916015625000001 0.83984375
43 0.4238281250000001 0.8076171875 0.4062500000000001 0.8076171875 0.4062500000000001 0.83984375 0.4238281250000001 0.83984375
47 0.4794921875000001 0.80859375 0.4619140625000001 0.80859375 0.4619140625000001 0.8447265625 0.4794921875000001 0.8447265625
23 0.560546875 0.8125 0.54296875 0.8125 0.54296875 0.8466796875 0.560546875 0.8466796875
40 0.5859375 0.814453125 0.56640625 0.814453125 0.56640625 0.849609375 0.5859375 0.849609375
47 0.6708984375 0.8212890625 0.65234375 0.8212890625 0.65234375 0.8564453125 0.6708984375 0.8564453125
20 0.2148437500000001 0.84375 0.1992187500000001 0.84375 0.1992187500000001 0.876953125 0.2148437500000001 0.876953125
26 0.2363281250000001 0.8447265625 0.2197265625000001 0.8447265625 0.2197265625000001 0.8779296875 0.2363281250000001 0.8779296875
54 0.2568359375000001 0.8466796875 0.2402343750000001 0.8466796875 0.2402343750000001 0.87890625 0.2568359375000001 0.87890625
41 0.2861328125000001 0.8486328125 0.2695312500000001 0.8486328125 0.2695312500000001 0.87890625 0.2861328125000001 0.87890625
26 0.3076171875000001 0.84765625 0.2910156250000001 0.84765625 0.2910156250000001 0.8818359375 0.3076171875000001 0.8818359375
42 0.3291015625000001 0.849609375 0.3115234375000001 0.849609375 0.3115234375000001 0.880859375 0.3291015625000001 0.880859375
26 0.3505859375000001 0.8505859375 0.3330078125000001 0.8505859375 0.3330078125000001 0.884765625 0.3505859375000001 0.884765625
42 0.3720703125000001 0.8505859375 0.3544921875000001 0.8505859375 0.3544921875000001 0.8837890625 0.3720703125000001 0.8837890625
32 0.3945312500000001 0.8525390625 0.3769531250000001 0.8525390625 0.3769531250000001 0.8857421875 0.3945312500000001 0.8857421875
49 0.4160156250000001 0.853515625 0.3994140625000001 0.853515625 0.3994140625000001 0.88671875 0.4160156250000001 0.88671875
19 0.4375000000000001 0.8544921875 0.4199218750000001 0.8544921875 0.4199218750000001 0.88671875 0.4375000000000001 0.88671875
30 0.4707031250000001 0.857421875 0.4531250000000001 0.857421875 0.4531250000000001 0.892578125 0.4707031250000001 0.892578125
49 0.5048828125 0.861328125 0.4873046875000001 0.861328125 0.4873046875000001 0.8935546875 0.5048828125 0.8935546875
32 0.5283203125 0.861328125 0.509765625 0.861328125 0.509765625 0.8935546875 0.5283203125 0.8935546875
50 0.5517578125 0.861328125 0.5341796875 0.861328125 0.5341796875 0.8955078125 0.5517578125 0.8955078125
40 0.5751953125 0.8642578125 0.556640625 0.8642578125 0.556640625 0.8974609375 0.5751953125 0.8974609375
23 0.599609375 0.865234375 0.580078125 0.865234375 0.580078125 0.8974609375 0.599609375 0.8974609375
39 0.623046875 0.8662109375 0.603515625 0.8662109375 0.603515625 0.900390625 0.623046875 0.900390625
32 0.6494140625 0.8701171875 0.6279296875 0.8701171875 0.6279296875 0.9033203125 0.6494140625 0.9033203125
50 0.673828125 0.87109375 0.654296875 0.87109375 0.654296875 0.904296875 0.673828125 0.904296875