19 0.4531250000000001 0.6552734375 0.4423828125000001 0.6552734375 0.4423828125000001 0.677734375 0.4531250000000001 0.677734375
51 0.4658203125000001 0.654296875 0.4550781250000001 0.654296875 0.4550781250000001 0.67578125 0.4658203125000001 0.67578125
23 0.4794921875000001 0.65234375 0.4687500000000001 0.65234375 0.4687500000000001 0.67578125 0.4794921875000001 0.67578125
30 0.4921875000000001 0.6513671875 0.4814453125000001 0.6513671875 0.4814453125000001 0.67578125 0.4921875000000001 0.67578125
46 0.5048828125 0.650390625 0.4941406250000001 0.650390625 0.4941406250000001 0.673828125 0.5048828125 0.673828125
40 0.517578125 0.650390625 0.5068359375 0.650390625 0.5068359375 0.671875 0.517578125 0.671875
42 0.529296875 0.6494140625 0.5185546875 0.6494140625 0.5185546875 0.671875 0.529296875 0.671875
30 0.5419921875 0.6484375 0.53125 0.6484375 0.53125 0.6708984375 0.5419921875 0.6708984375
52 0.5537109375 0.6474609375 0.54296875 0.6474609375 0.54296875 0.6689453125 0.5537109375 0.6689453125
23 0.5703125 0.646484375 0.560546875 0.646484375 0.560546875 0.6669921875 0.5703125 0.6669921875
36 0.58203125 0.646484375 0.5712890625 0.646484375 0.5712890625 0.6669921875 0.58203125 0.6669921875
52 0.59375 0.6455078125 0.5830078125 0.6455078125 0.5830078125 0.6669921875 0.59375 0.6669921875
43 0.609375 0.64453125 0.599609375 0.64453125 0.599609375 0.666015625 0.609375 0.666015625
19 0.62109375 0.6435546875 0.611328125 0.6435546875 0.611328125 0.6640625 0.62109375 0.6640625
37 0.6318359375 0.6435546875 0.6220703125 0.6435546875 0.6220703125 0.6630859375 0.6318359375 0.6630859375
40 0.642578125 0.642578125 0.6328125 0.642578125 0.6328125 0.6630859375 0.642578125 0.6630859375
43 0.6533203125 0.642578125 0.6435546875 0.642578125 0.6435546875 0.662109375 0.6533203125 0.662109375
46 0.6630859375 0.6416015625 0.654296875 0.6416015625 0.654296875 0.6611328125 0.6630859375 0.6611328125
40 0.673828125 0.640625 0.6650390625 0.640625 0.6650390625 0.66015625 0.673828125 0.66015625
52 0.6845703125 0.6396484375 0.6748046875 0.6396484375 0.6748046875 0.66015625 0.6845703125 0.66015625
46 0.6953125 0.6396484375 0.685546875 0.6396484375 0.685546875 0.6591796875 0.6953125 0.6591796875
26 0.7041015625 0.638671875 0.6953125 0.638671875 0.6953125 0.658203125 0.7041015625 0.658203125
36 0.71484375 0.6376953125 0.7060546875 0.6376953125 0.7060546875 0.658203125 0.71484375 0.658203125
38 0.7236328125 0.6376953125 0.71484375 0.6376953125 0.71484375 0.6572265625 0.7236328125 0.6572265625
39 0.7333984375 0.63671875 0.724609375 0.63671875 0.724609375 0.65625 0.7333984375 0.65625
40 0.7421875 0.63671875 0.734375 0.63671875 0.734375 0.65625 0.7421875 0.65625
31 0.751953125 0.6357421875 0.744140625 0.6357421875 0.744140625 0.654296875 0.751953125 0.654296875
42 0.765625 0.634765625 0.7578125 0.634765625 0.7578125 0.6533203125 0.765625 0.6533203125
19 0.7744140625 0.6337890625 0.7666015625 0.6337890625 0.7666015625 0.65234375 0.7744140625 0.65234375
20 0.783203125 0.6337890625 0.775390625 0.6337890625 0.775390625 0.65234375 0.783203125 0.65234375
40 0.7919921875 0.6328125 0.7841796875 0.6328125 0.7841796875 0.6513671875 0.7919921875 0.6513671875
46 0.80078125 0.6318359375 0.79296875 0.6318359375 0.79296875 0.6513671875 0.80078125 0.6513671875
32 0.8095703125 0.6318359375 0.8017578125 0.6318359375 0.8017578125 0.650390625 0.8095703125 0.650390625