49 0.4091796875 0.423828125 0.3984375 0.423828125 0.3984375 0.4462890625 0.4091796875 0.4462890625
32 0.4228515625 0.4248046875 0.412109375 0.4248046875 0.412109375 0.4462890625 0.4228515625 0.4462890625
54 0.4365234375 0.423828125 0.42578125 0.423828125 0.42578125 0.4453125 0.4365234375 0.4453125
40 0.451171875 0.423828125 0.4404296875 0.423828125 0.4404296875 0.4453125 0.451171875 0.4453125
49 0.46484375 0.4238281250000001 0.4541015625 0.4238281250000001 0.4541015625 0.4443359375000001 0.46484375 0.4443359375000001
41 0.4921875 0.4228515625000001 0.4814453125 0.4228515625000001 0.4814453125 0.4443359375000001 0.4921875 0.4443359375000001
26 0.505859375 0.4228515625000001 0.4951171875 0.4228515625000001 0.4951171875 0.4443359375000001 0.505859375 0.4443359375000001
42 0.51953125 0.4218750000000001 0.5087890625 0.4218750000000001 0.5087890625 0.4433593750000001 0.51953125 0.4433593750000001
43 0.5341796875 0.4208984375000001 0.5224609375 0.4208984375000001 0.5224609375 0.4433593750000001 0.5341796875 0.4433593750000001
40 0.546875 0.4208984375000001 0.537109375 0.4208984375000001 0.537109375 0.4423828125000001 0.546875 0.4423828125000001
39 0.5615234375 0.4199218750000001 0.5498046875 0.4199218750000001 0.5498046875 0.4423828125000001 0.5615234375 0.4423828125000001
19 0.57421875 0.4199218750000001 0.564453125 0.4199218750000001 0.564453125 0.4423828125000001 0.57421875 0.4423828125000001
36 0.5888671875 0.4189453125000001 0.578125 0.4189453125000001 0.578125 0.4414062500000001 0.5888671875 0.4414062500000001
19 0.6015625 0.4189453125000001 0.591796875 0.4189453125000001 0.591796875 0.4404296875000001 0.6015625 0.4404296875000001
47 0.615234375 0.4179687500000001 0.60546875 0.4179687500000001 0.60546875 0.4394531250000001 0.615234375 0.4394531250000001
41 0.4101562500000001 0.4541015625 0.3994140625000001 0.4541015625 0.3994140625000001 0.4755859375 0.4101562500000001 0.4755859375
40 0.4238281250000001 0.4541015625 0.4130859375000001 0.4541015625 0.4130859375000001 0.4755859375 0.4238281250000001 0.4755859375
23 0.4375000000000001 0.4541015625 0.4267578125000001 0.4541015625 0.4267578125000001 0.4755859375 0.4375000000000001 0.4755859375
54 0.46484375000000006 0.4531250000000001 0.455078125 0.4531250000000001 0.45507812500000006 0.4746093750000001 0.4648437500000001 0.4746093750000001
39 0.47851562500000006 0.4531250000000001 0.46875 0.4531250000000001 0.46875000000000006 0.4736328125000001 0.4785156250000001 0.4736328125000001
19 0.49218750000000006 0.4531250000000001 0.482421875 0.4531250000000001 0.48242187500000006 0.4726562500000001 0.4921875000000001 0.4726562500000001
33 0.505859375 0.4521484375000001 0.49609375 0.4521484375000001 0.49609375000000006 0.4736328125000001 0.505859375 0.4736328125000001
40 0.51953125 0.4521484375000001 0.509765625 0.4521484375000001 0.509765625 0.4726562500000001 0.51953125 0.4726562500000001
37 0.5341796875 0.4511718750000001 0.5234375 0.4511718750000001 0.5234375 0.4726562500000001 0.5341796875 0.4726562500000001