33 0.251953125 0.3583984375 0.24511718750000006 0.3583984375 0.24511718750000006 0.3720703125 0.251953125 0.3720703125
19 0.2607421875 0.3583984375 0.25390625 0.3583984375 0.25390625 0.3720703125 0.2607421875 0.3720703125
27 0.267578125 0.357421875 0.26171875 0.357421875 0.26171875 0.37109375 0.267578125 0.37109375
26 0.2763671875 0.357421875 0.26953125 0.357421875 0.26953125 0.37109375 0.2763671875 0.37109375
23 0.2841796875 0.35546875 0.27734375 0.35546875 0.27734375 0.3701171875 0.2841796875 0.3701171875
42 0.29296875 0.35546875 0.2861328125 0.35546875 0.2861328125 0.369140625 0.29296875 0.369140625
19 0.30078125 0.3544921875 0.2939453125 0.3544921875 0.2939453125 0.369140625 0.30078125 0.369140625
46 0.3125 0.3544921875 0.3056640625 0.3544921875 0.3056640625 0.3681640625 0.3125 0.3681640625
26 0.3212890625 0.353515625 0.314453125 0.353515625 0.314453125 0.3671875 0.3212890625 0.3671875
40 0.3291015625 0.353515625 0.322265625 0.353515625 0.322265625 0.3671875 0.3291015625 0.3671875
42 0.337890625 0.3525390625 0.3310546875 0.3525390625 0.3310546875 0.3662109375 0.337890625 0.3662109375
30 0.345703125 0.3515625 0.3388671875 0.3515625 0.3388671875 0.3662109375 0.345703125 0.3662109375
30 0.353515625 0.3515625 0.3466796875 0.3515625 0.3466796875 0.3662109375 0.353515625 0.3662109375
51 0.3662109375 0.3505859375 0.359375 0.3505859375 0.359375 0.3642578125 0.3662109375 0.3642578125
41 0.375 0.349609375 0.3681640625 0.349609375 0.3681640625 0.36328125 0.375 0.36328125
42 0.3828125 0.3486328125 0.3759765625 0.3486328125 0.3759765625 0.36328125 0.3828125 0.36328125
51 0.3916015625 0.3486328125 0.384765625 0.3486328125 0.384765625 0.3623046875 0.3916015625 0.3623046875
28 0.3994140625 0.34765625 0.392578125 0.34765625 0.392578125 0.3623046875 0.3994140625 0.3623046875
40 0.408203125 0.34765625 0.4013671875 0.34765625 0.4013671875 0.361328125 0.408203125 0.361328125
43 0.4169921875 0.3466796875 0.41015625 0.3466796875 0.41015625 0.3603515625 0.4169921875 0.3603515625
46 0.42578125 0.345703125 0.41796875 0.345703125 0.41796875 0.3603515625 0.42578125 0.3603515625
30 0.43359375 0.345703125 0.4267578125 0.345703125 0.4267578125 0.361328125 0.43359375 0.361328125