51 0.3984375 0.24804687500000006 0.3876953125 0.24804687500000006 0.3876953125 0.271484375 0.3984375 0.271484375
22 0.412109375 0.24902343750000006 0.400390625 0.24902343750000006 0.400390625 0.271484375 0.412109375 0.271484375
26 0.4248046875 0.2509765625 0.4150390625 0.2509765625 0.4150390625 0.2724609375 0.4248046875 0.2724609375
20 0.4375 0.251953125 0.427734375 0.251953125 0.427734375 0.2734375 0.4375 0.2734375
39 0.4521484375 0.251953125 0.4404296875 0.251953125 0.4404296875 0.2744140625 0.4521484375 0.2744140625
19 0.4658203125 0.2529296875000001 0.4541015625 0.2529296875000001 0.4541015625 0.2763671875000001 0.4658203125 0.2763671875000001
52 0.478515625 0.2529296875000001 0.466796875 0.2529296875000001 0.466796875 0.2763671875000001 0.478515625 0.2763671875000001
19 0.4970703125 0.2558593750000001 0.486328125 0.2558593750000001 0.486328125 0.2773437500000001 0.4970703125 0.2773437500000001
51 0.509765625 0.2548828125000001 0.4990234375 0.2548828125000001 0.4990234375 0.2773437500000001 0.509765625 0.2773437500000001
23 0.5234375 0.2568359375000001 0.5126953125 0.2568359375000001 0.5126953125 0.2792968750000001 0.5234375 0.2792968750000001
30 0.5361328125 0.2578125000000001 0.525390625 0.2578125000000001 0.525390625 0.2812500000000001 0.5361328125 0.2812500000000001
46 0.5498046875 0.2587890625000001 0.5390625 0.2587890625000001 0.5390625 0.2812500000000001 0.5498046875 0.2812500000000001
40 0.5615234375 0.2597656250000001 0.5517578125 0.2597656250000001 0.5517578125 0.2812500000000001 0.5615234375 0.2812500000000001
42 0.5751953125 0.2597656250000001 0.5634765625 0.2597656250000001 0.5634765625 0.2822265625000001 0.5751953125 0.2822265625000001
30 0.587890625 0.2607421875000001 0.5771484375 0.2607421875000001 0.5771484375 0.2832031250000001 0.587890625 0.2832031250000001
52 0.6005859375 0.2617187500000001 0.58984375 0.2617187500000001 0.58984375 0.2841796875000001 0.6005859375 0.2841796875000001
23 0.619140625 0.2636718750000001 0.609375 0.2636718750000001 0.609375 0.2861328125000001 0.619140625 0.2861328125000001
36 0.6328125 0.2646484375000001 0.62109375 0.2646484375000001 0.62109375 0.2851562500000001 0.6328125 0.2851562500000001
52 0.6455078125 0.2646484375000001 0.6337890625 0.2646484375000001 0.6337890625 0.2880859375000001 0.6455078125 0.2880859375000001
41 0.6630859375 0.2666015625000001 0.6533203125 0.2666015625000001 0.6533203125 0.2880859375000001 0.6630859375 0.2880859375000001
42 0.67578125 0.2675781250000001 0.6650390625 0.2675781250000001 0.6650390625 0.2890625000000001 0.67578125 0.2890625000000001
40 0.689453125 0.2675781250000001 0.6767578125 0.2675781250000001 0.6767578125 0.2900390625000001 0.689453125 0.2900390625000001
49 0.7021484375 0.2695312500000001 0.6904296875 0.2695312500000001 0.6904296875 0.2910156250000001 0.7021484375 0.2910156250000001
26 0.7138671875 0.2705078125000001 0.703125 0.2705078125000001 0.703125 0.2929687500000001 0.7138671875 0.2929687500000001
23 0.7265625 0.2705078125000001 0.7158203125 0.2705078125000001 0.7158203125 0.2939453125000001 0.7265625 0.2939453125000001
26 0.7392578125 0.2714843750000001 0.728515625 0.2714843750000001 0.728515625 0.2949218750000001 0.7392578125 0.2949218750000001
39 0.751953125 0.2734375000000001 0.7412109375 0.2734375000000001 0.7412109375 0.2949218750000001 0.751953125 0.2949218750000001
30 0.763671875 0.2744140625000001 0.7529296875 0.2744140625000001 0.7529296875 0.2958984375000001 0.763671875 0.2958984375000001
52 0.7763671875 0.2744140625000001 0.765625 0.2744140625000001 0.765625 0.2978515625000001 0.7763671875 0.2978515625000001
36 0.421875 0.2783203125 0.41015625 0.2783203125 0.41015625 0.2998046875 0.421875 0.2998046875
19 0.4345703125 0.279296875 0.423828125 0.279296875 0.423828125 0.3017578125 0.4345703125 0.3017578125
20 0.4482421875 0.2802734375 0.4365234375 0.2802734375 0.4365234375 0.302734375 0.4482421875 0.302734375
40 0.4599609375 0.28125000000000006 0.44921875 0.28125 0.44921875 0.30371093750000006 0.4599609375 0.3037109375000001
42 0.474609375 0.2812500000000001 0.4619140625 0.2812500000000001 0.4619140625 0.3046875000000001 0.474609375 0.3046875000000001
19 0.4873046875 0.2822265625000001 0.4755859375 0.2822265625000001 0.4755859375 0.3046875000000001 0.4873046875 0.3046875000000001
46 0.5 0.2832031250000001 0.4892578125 0.2832031250000001 0.4892578125 0.3056640625000001 0.5 0.3056640625000001
40 0.5126953125 0.2832031250000001 0.5009765625 0.2832031250000001 0.5009765625 0.3066406250000001 0.5126953125 0.3066406250000001
42 0.5263671875 0.2841796875000001 0.5146484375 0.2841796875000001 0.5146484375 0.3076171875000001 0.5263671875 0.3076171875000001
39 0.5400390625 0.2851562500000001 0.5283203125 0.2851562500000001 0.5283203125 0.3095703125000001 0.5400390625 0.3095703125000001
32 0.5517578125 0.2861328125000001 0.541015625 0.2861328125000001 0.541015625 0.3095703125000001 0.5517578125 0.3095703125000001
50 0.5654296875 0.2880859375000001 0.5537109375 0.2880859375000001 0.5537109375 0.3105468750000001 0.5654296875 0.3105468750000001
55 0.578125 0.2890625000000001 0.5673828125 0.2890625000000001 0.5673828125 0.3115234375000001 0.578125 0.3115234375000001
41 0.5966796875 0.2900390625000001 0.5859375 0.2900390625000001 0.5859375 0.3115234375000001 0.5966796875 0.3115234375000001
42 0.6103515625 0.2910156250000001 0.599609375 0.2910156250000001 0.599609375 0.3134765625000001 0.6103515625 0.3134765625000001
19 0.6220703125 0.2919921875000001 0.6123046875 0.2919921875000001 0.6123046875 0.3115234375000001 0.6220703125 0.3115234375000001
33 0.6357421875 0.2919921875000001 0.6240234375 0.2919921875000001 0.6240234375 0.3134765625000001 0.6357421875 0.3134765625000001
46 0.6484375 0.2929687500000001 0.6376953125 0.2929687500000001 0.6376953125 0.3154296875000001 0.6484375 0.3154296875000001
30 0.6611328125 0.2949218750000001 0.650390625 0.2949218750000001 0.650390625 0.3154296875000001 0.6611328125 0.3154296875000001
22 0.6728515625 0.2939453125000001 0.6630859375 0.2939453125000001 0.6630859375 0.3164062500000001 0.6728515625 0.3164062500000001
26 0.6865234375 0.2949218750000001 0.67578125 0.2949218750000001 0.67578125 0.3173828125000001 0.6865234375 0.3173828125000001
43 0.69921875 0.2968750000000001 0.6884765625 0.2968750000000001 0.6884765625 0.3183593750000001 0.69921875 0.3183593750000001
33 0.7119140625 0.2978515625000001 0.7001953125 0.2978515625000001 0.7001953125 0.3193359375000001 0.7119140625 0.3193359375000001
30 0.7236328125 0.2988281250000001 0.7138671875 0.2988281250000001 0.7138671875 0.3193359375000001 0.7236328125 0.3193359375000001
50 0.736328125 0.2998046875000001 0.7255859375 0.2998046875000001 0.7255859375 0.3222656250000001 0.736328125 0.3222656250000001
30 0.7548828125 0.2998046875000001 0.7451171875 0.2998046875000001 0.7451171875 0.3232421875000001 0.7548828125 0.3232421875000001
36 0.482421875 0.3115234375000001 0.4716796875 0.3115234375000001 0.4716796875 0.3330078125000001 0.482421875 0.3330078125000001
26 0.49609375 0.3115234375000001 0.484375 0.3115234375000001 0.484375 0.3339843750000001 0.49609375 0.3339843750000001
33 0.5087890625 0.3134765625000001 0.498046875 0.3134765625000001 0.498046875 0.3349609375000001 0.5087890625 0.3349609375000001
21 0.5224609375 0.3125000000000001 0.5107421875 0.3125000000000001 0.5107421875 0.3349609375000001 0.5224609375 0.3349609375000001
30 0.53515625 0.3144531250000001 0.5244140625 0.3144531250000001 0.5244140625 0.3378906250000001 0.53515625 0.3378906250000001
40 0.5478515625 0.3154296875000001 0.537109375 0.3154296875000001 0.537109375 0.3378906250000001 0.5478515625 0.3378906250000001
39 0.560546875 0.3154296875000001 0.5498046875 0.3154296875000001 0.5498046875 0.3388671875000001 0.560546875 0.3388671875000001
39 0.57421875 0.3164062500000001 0.5634765625 0.3164062500000001 0.5634765625 0.3388671875000001 0.57421875 0.3388671875000001
32 0.5869140625 0.3183593750000001 0.576171875 0.3183593750000001 0.576171875 0.3388671875000001 0.5869140625 0.3388671875000001
50 0.6005859375 0.3183593750000001 0.5888671875 0.3183593750000001 0.5888671875 0.3408203125000001 0.6005859375 0.3408203125000001
54 0.619140625 0.3193359375000001 0.6083984375 0.3193359375000001 0.6083984375 0.3417968750000001 0.619140625 0.3417968750000001
19 0.630859375 0.3203125000000001 0.62109375 0.3203125000000001 0.62109375 0.3408203125000001 0.630859375 0.3408203125000001
39 0.64453125 0.3203125000000001 0.6337890625 0.3203125000000001 0.6337890625 0.3427734375000001 0.64453125 0.3427734375000001
52 0.6572265625 0.3212890625000001 0.6474609375 0.3212890625000001 0.6474609375 0.3437500000000001 0.6572265625 0.3437500000000001
46 0.669921875 0.3222656250000001 0.6591796875 0.3222656250000001 0.6591796875 0.3457031250000001 0.669921875 0.3457031250000001
30 0.6826171875 0.3232421875000001 0.671875 0.3232421875000001 0.671875 0.3447265625000001 0.6826171875 0.3447265625000001
31 0.6962890625 0.3242187500000001 0.685546875 0.3242187500000001 0.685546875 0.3466796875000001 0.6962890625 0.3466796875000001