33 0.3701171875000001 0.5546875 0.3613281250000001 0.5546875 0.3613281250000001 0.5732421875 0.3701171875000001 0.5732421875
19 0.3798828125000001 0.5546875 0.3710937500000001 0.5546875 0.3710937500000001 0.5732421875 0.3798828125000001 0.5732421875
27 0.3896484375000001 0.5556640625 0.3808593750000001 0.5556640625 0.3808593750000001 0.5732421875 0.3896484375000001 0.5732421875
26 0.4003906250000001 0.5546875 0.3916015625000001 0.5546875 0.3916015625000001 0.5732421875 0.4003906250000001 0.5732421875
23 0.4101562500000001 0.5546875 0.4013671875000001 0.5546875 0.4013671875000001 0.5732421875 0.4101562500000001 0.5732421875
42 0.4208984375000001 0.5556640625 0.4111328125000001 0.5556640625 0.4111328125000001 0.5732421875 0.4208984375000001 0.5732421875
19 0.4306640625000001 0.5556640625 0.4218750000000001 0.5556640625 0.4218750000000001 0.5732421875 0.4306640625000001 0.5732421875
46 0.4462890625000001 0.5556640625 0.4375000000000001 0.5556640625 0.4375000000000001 0.57421875 0.4462890625000001 0.57421875
26 0.4560546875000001 0.5556640625 0.4472656250000001 0.5556640625 0.4472656250000001 0.57421875 0.4560546875000001 0.57421875
40 0.4667968750000001 0.5556640625 0.4580078125000001 0.5556640625 0.4580078125000001 0.57421875 0.4667968750000001 0.57421875
42 0.4775390625000001 0.5556640625 0.4687500000000001 0.5556640625 0.4687500000000001 0.5751953125 0.4775390625000001 0.5751953125
30 0.4882812500000001 0.556640625 0.4794921875000001 0.556640625 0.4794921875000001 0.5751953125 0.4882812500000001 0.5751953125
30 0.4990234375000001 0.556640625 0.4902343750000001 0.556640625 0.4902343750000001 0.5751953125 0.4990234375000001 0.5751953125
51 0.5146484375 0.556640625 0.505859375 0.556640625 0.505859375 0.5751953125 0.5146484375 0.5751953125
41 0.5263671875 0.556640625 0.517578125 0.556640625 0.517578125 0.5751953125 0.5263671875 0.5751953125
42 0.537109375 0.556640625 0.52734375 0.556640625 0.52734375 0.576171875 0.537109375 0.576171875
51 0.548828125 0.556640625 0.5390625 0.556640625 0.5390625 0.576171875 0.548828125 0.576171875
28 0.5595703125 0.5576171875 0.5498046875 0.5576171875 0.5498046875 0.5771484375 0.5595703125 0.5771484375
40 0.5712890625 0.5576171875 0.5615234375 0.5576171875 0.5615234375 0.576171875 0.5712890625 0.576171875
43 0.58203125 0.5576171875 0.5732421875 0.5576171875 0.5732421875 0.5771484375 0.58203125 0.5771484375
46 0.5947265625 0.5576171875 0.5849609375 0.5576171875 0.5849609375 0.5771484375 0.5947265625 0.5771484375
30 0.6064453125 0.55859375 0.5966796875 0.55859375 0.5966796875 0.5771484375 0.6064453125 0.5771484375