49 0.3974609375000001 0.6376953125 0.3837890625000001 0.6376953125 0.3837890625000001 0.6640625 0.3974609375000001 0.6640625
32 0.4150390625000001 0.6357421875 0.4023437500000001 0.6357421875 0.4023437500000001 0.662109375 0.4150390625000001 0.662109375
54 0.4326171875000001 0.6337890625 0.4199218750000001 0.6337890625 0.4199218750000001 0.66015625 0.4326171875000001 0.66015625
40 0.4501953125000001 0.6318359375 0.4375000000000001 0.6318359375 0.4375000000000001 0.6572265625 0.4501953125000001 0.6572265625
49 0.4677734375000001 0.62890625 0.4541015625000001 0.62890625 0.4541015625000001 0.654296875 0.4677734375000001 0.654296875
41 0.5009765625 0.6240234375 0.4882812500000001 0.6240234375 0.4882812500000001 0.650390625 0.5009765625 0.650390625
26 0.517578125 0.623046875 0.505859375 0.623046875 0.505859375 0.6484375 0.517578125 0.6484375
42 0.533203125 0.62109375 0.521484375 0.62109375 0.521484375 0.64453125 0.533203125 0.64453125
43 0.548828125 0.6171875 0.537109375 0.6171875 0.537109375 0.642578125 0.548828125 0.642578125
40 0.564453125 0.6162109375 0.552734375 0.6162109375 0.552734375 0.640625 0.564453125 0.640625
39 0.580078125 0.61328125 0.568359375 0.61328125 0.568359375 0.6376953125 0.580078125 0.6376953125
19 0.595703125 0.611328125 0.583984375 0.611328125 0.583984375 0.634765625 0.595703125 0.634765625
36 0.6103515625 0.609375 0.5986328125 0.609375 0.5986328125 0.6328125 0.6103515625 0.6328125
19 0.625 0.6064453125 0.6142578125 0.6064453125 0.6142578125 0.6298828125 0.625 0.6298828125
47 0.6396484375 0.6044921875 0.62890625 0.6044921875 0.62890625 0.626953125 0.6396484375 0.626953125
41 0.3974609375000001 0.673828125 0.3847656250000001 0.673828125 0.3847656250000001 0.701171875 0.3974609375000001 0.701171875
40 0.4150390625000001 0.6728515625 0.4023437500000001 0.6728515625 0.4023437500000001 0.6982421875 0.4150390625000001 0.6982421875
23 0.4326171875000001 0.6689453125 0.4199218750000001 0.6689453125 0.4199218750000001 0.693359375 0.4326171875000001 0.693359375
54 0.4667968750000001 0.666015625 0.4541015625000001 0.666015625 0.4541015625000001 0.689453125 0.4667968750000001 0.689453125
39 0.4843750000000001 0.662109375 0.4716796875000001 0.662109375 0.4716796875000001 0.6865234375 0.4843750000000001 0.6865234375
19 0.5 0.66015625 0.4882812500000001 0.66015625 0.4882812500000001 0.68359375 0.5 0.68359375
33 0.515625 0.6591796875 0.5048828125 0.6591796875 0.5048828125 0.681640625 0.515625 0.681640625
40 0.5322265625 0.6552734375 0.5205078125 0.6552734375 0.5205078125 0.6787109375 0.5322265625 0.6787109375
37 0.5478515625 0.65234375 0.5361328125 0.65234375 0.5361328125 0.67578125 0.5478515625 0.67578125