40 0.3652343750000001 0.53515625 0.3544921875000001 0.53515625 0.3544921875000001 0.5576171875 0.3652343750000001 0.5576171875
40 0.3779296875000001 0.5341796875 0.3681640625000001 0.5341796875 0.3681640625000001 0.556640625 0.3779296875000001 0.556640625
40 0.3916015625000001 0.5322265625 0.3808593750000001 0.5322265625 0.3808593750000001 0.5556640625 0.3916015625000001 0.5556640625
34 0.4101562500000001 0.5302734375 0.4003906250000001 0.5302734375 0.4003906250000001 0.552734375 0.4101562500000001 0.552734375
28 0.4248046875000001 0.5283203125 0.4150390625000001 0.5283203125 0.4150390625000001 0.5517578125 0.4248046875000001 0.5517578125
30 0.4394531250000001 0.5263671875 0.4287109375000001 0.5263671875 0.4287109375000001 0.5498046875 0.4394531250000001 0.5498046875
23 0.4531250000000001 0.5244140625 0.4423828125000001 0.5244140625 0.4423828125000001 0.5478515625 0.4531250000000001 0.5478515625
24 0.4726562500000001 0.5224609375 0.4628906250000001 0.5224609375 0.4628906250000001 0.546875 0.4726562500000001 0.546875
23 0.4960937500000001 0.51953125 0.4853515625000001 0.51953125 0.4853515625000001 0.5439453125 0.4960937500000001 0.5439453125
26 0.5107421875 0.5185546875 0.5 0.5185546875 0.5 0.54296875 0.5107421875 0.54296875
44 0.525390625 0.5166015625 0.5146484375 0.5166015625 0.5146484375 0.5419921875 0.525390625 0.5419921875
53 0.541015625 0.515625 0.5302734375 0.515625 0.5302734375 0.5400390625 0.541015625 0.5400390625
49 0.5576171875 0.51171875 0.544921875 0.51171875 0.544921875 0.5380859375 0.5576171875 0.5380859375
19 0.572265625 0.51171875 0.5615234375 0.51171875 0.5615234375 0.537109375 0.572265625 0.537109375
52 0.58984375 0.5078125 0.578125 0.5078125 0.578125 0.5341796875 0.58984375 0.5341796875
19 0.6142578125 0.5068359375 0.6025390625 0.5068359375 0.6025390625 0.5322265625 0.6142578125 0.5322265625
41 0.6318359375 0.5029296875 0.619140625 0.5029296875 0.619140625 0.5302734375 0.6318359375 0.5302734375
46 0.650390625 0.5 0.6376953125 0.5 0.6376953125 0.5283203125 0.650390625 0.5283203125
26 0.66796875 0.5 0.6552734375 0.5 0.6552734375 0.5263671875 0.66796875 0.5263671875
33 0.685546875 0.4980468750000001 0.673828125 0.4980468750000001 0.673828125 0.5244140625 0.685546875 0.5244140625
19 0.7041015625 0.4951171875000001 0.6923828125 0.4951171875000001 0.6923828125 0.5205078125 0.7041015625 0.5205078125
35 0.7255859375 0.4921875000000001 0.712890625 0.4921875000000001 0.712890625 0.521484375 0.7255859375 0.521484375
46 0.607421875 0.544921875 0.59375 0.544921875 0.59375 0.572265625 0.607421875 0.572265625
33 0.58984375 0.5458984375 0.5771484375 0.5458984375 0.5771484375 0.57421875 0.58984375 0.57421875
39 0.57421875 0.546875 0.5615234375 0.546875 0.5615234375 0.57421875 0.57421875 0.57421875
51 0.556640625 0.5498046875 0.544921875 0.5498046875 0.544921875 0.576171875 0.556640625 0.576171875
41 0.541015625 0.55078125 0.5283203125 0.55078125 0.5283203125 0.5771484375 0.541015625 0.5771484375
19 0.4160156250000001 0.5634765625 0.4062500000000001 0.5634765625 0.4062500000000001 0.5849609375 0.4160156250000001 0.5849609375
41 0.4296875000000001 0.5615234375 0.4179687500000001 0.5615234375 0.4179687500000001 0.5869140625 0.4296875000000001 0.5869140625
46 0.4443359375000001 0.5595703125 0.4326171875000001 0.5595703125 0.4326171875000001 0.5859375 0.4443359375000001 0.5859375
26 0.4570312500000001 0.5576171875 0.4482421875000001 0.5576171875 0.4482421875000001 0.5830078125 0.4570312500000001 0.5830078125
22 0.4726562500000001 0.556640625 0.4609375000000001 0.556640625 0.4609375000000001 0.5830078125 0.4726562500000001 0.5830078125
39 0.4873046875000001 0.5556640625 0.4755859375000001 0.5556640625 0.4755859375000001 0.5810546875 0.4873046875000001 0.5810546875
32 0.501953125 0.5537109375 0.4912109375000001 0.5537109375 0.4912109375000001 0.580078125 0.501953125 0.580078125
31 0.517578125 0.5537109375 0.505859375 0.5537109375 0.505859375 0.5791015625 0.517578125 0.5791015625
42 0.3496093750000001 0.6015625 0.3388671875000001 0.6015625 0.3388671875000001 0.626953125 0.3496093750000001 0.626953125
26 0.3632812500000001 0.6005859375 0.3535156250000001 0.6005859375 0.3535156250000001 0.625 0.3632812500000001 0.625
29 0.3769531250000001 0.6005859375 0.3662109375000001 0.6005859375 0.3662109375000001 0.625 0.3769531250000001 0.625
30 0.3896484375000001 0.5986328125 0.3798828125000001 0.5986328125 0.3798828125000001 0.6240234375 0.3896484375000001 0.6240234375
37 0.4042968750000001 0.59765625 0.3925781250000001 0.59765625 0.3925781250000001 0.623046875 0.4042968750000001 0.623046875
42 0.4238281250000001 0.5966796875 0.4130859375000001 0.5966796875 0.4130859375000001 0.6220703125 0.4238281250000001 0.6220703125
19 0.4375000000000001 0.595703125 0.4277343750000001 0.595703125 0.4277343750000001 0.619140625 0.4375000000000001 0.619140625
20 0.4521484375000001 0.5947265625 0.4414062500000001 0.5947265625 0.4414062500000001 0.619140625 0.4521484375000001 0.619140625
40 0.4677734375000001 0.59375 0.4560546875000001 0.59375 0.4560546875000001 0.619140625 0.4677734375000001 0.619140625
46 0.4824218750000001 0.591796875 0.4707031250000001 0.591796875 0.4707031250000001 0.619140625 0.4824218750000001 0.619140625
32 0.4980468750000001 0.5908203125 0.4853515625000001 0.5908203125 0.4853515625000001 0.6171875 0.4980468750000001 0.6171875
43 0.5205078125 0.5888671875 0.5078125 0.5888671875 0.5078125 0.6162109375 0.5205078125 0.6162109375
47 0.5595703125 0.583984375 0.5478515625 0.583984375 0.5478515625 0.6142578125 0.5595703125 0.6142578125
23 0.619140625 0.58203125 0.6064453125 0.58203125 0.6064453125 0.611328125 0.619140625 0.611328125
40 0.6376953125 0.5810546875 0.6240234375 0.5810546875 0.6240234375 0.6103515625 0.6376953125 0.6103515625
47 0.703125 0.572265625 0.689453125 0.572265625 0.689453125 0.6064453125 0.703125 0.6064453125
20 0.3740234375000001 0.634765625 0.3632812500000001 0.634765625 0.3632812500000001 0.658203125 0.3740234375000001 0.658203125
26 0.3867187500000001 0.6337890625 0.3769531250000001 0.6337890625 0.3769531250000001 0.6572265625 0.3867187500000001 0.6572265625
54 0.3994140625000001 0.6328125 0.3886718750000001 0.6328125 0.3886718750000001 0.6591796875 0.3994140625000001 0.6591796875
41 0.4218750000000001 0.6318359375 0.4091796875000001 0.6318359375 0.4091796875000001 0.658203125 0.4218750000000001 0.658203125
26 0.4355468750000001 0.6318359375 0.4257812500000001 0.6318359375 0.4257812500000001 0.6572265625 0.4355468750000001 0.6572265625
42 0.4501953125000001 0.6318359375 0.4384765625000001 0.6318359375 0.4384765625000001 0.65625 0.4501953125000001 0.65625
26 0.4648437500000001 0.6298828125 0.4541015625000001 0.6298828125 0.4541015625000001 0.6572265625 0.4648437500000001 0.6572265625
42 0.4804687500000001 0.62890625 0.4677734375000001 0.62890625 0.4677734375000001 0.65625 0.4804687500000001 0.65625
32 0.4960937500000001 0.62890625 0.4833984375000001 0.62890625 0.4833984375000001 0.65625 0.4960937500000001 0.65625
49 0.5107421875 0.6279296875 0.4990234375000001 0.6279296875 0.4990234375000001 0.65625 0.5107421875 0.65625
19 0.5283203125 0.6279296875 0.515625 0.6279296875 0.515625 0.654296875 0.5283203125 0.654296875
30 0.55078125 0.6259765625 0.5390625 0.6259765625 0.5390625 0.654296875 0.55078125 0.654296875
49 0.576171875 0.6240234375 0.5625 0.6240234375 0.5625 0.65234375 0.576171875 0.65234375
32 0.59375 0.623046875 0.580078125 0.623046875 0.580078125 0.65234375 0.59375 0.65234375
50 0.6103515625 0.6240234375 0.59765625 0.6240234375 0.59765625 0.65234375 0.6103515625 0.65234375
40 0.62890625 0.623046875 0.615234375 0.623046875 0.615234375 0.6513671875 0.62890625 0.6513671875
23 0.6474609375 0.62109375 0.6337890625 0.62109375 0.6337890625 0.6494140625 0.6474609375 0.6494140625
39 0.666015625 0.6201171875 0.6513671875 0.6201171875 0.6513671875 0.6494140625 0.666015625 0.6494140625
32 0.685546875 0.6201171875 0.6708984375 0.6201171875 0.6708984375 0.6494140625 0.685546875 0.6494140625
50 0.7041015625 0.619140625 0.6904296875 0.619140625 0.6904296875 0.6484375 0.7041015625 0.6484375