49 0.4130859375000001 0.521484375 0.4033203125000001 0.521484375 0.4033203125000001 0.5400390625 0.4130859375000001 0.5400390625
32 0.4257812500000001 0.5234375 0.4160156250000001 0.5234375 0.4160156250000001 0.541015625 0.4257812500000001 0.541015625
54 0.4384765625000001 0.5234375 0.4277343750000001 0.5234375 0.4277343750000001 0.541015625 0.4384765625000001 0.541015625
40 0.4511718750000001 0.5244140625 0.4414062500000001 0.5244140625 0.4414062500000001 0.5419921875 0.4511718750000001 0.5419921875
49 0.4648437500000001 0.5244140625 0.4550781250000001 0.5244140625 0.4550781250000001 0.5419921875 0.4648437500000001 0.5419921875
41 0.4912109375000001 0.5263671875 0.4814453125000001 0.5263671875 0.4814453125000001 0.54296875 0.4912109375000001 0.54296875
26 0.5048828125 0.5263671875 0.4951171875000001 0.5263671875 0.4951171875000001 0.544921875 0.5048828125 0.544921875
42 0.5185546875 0.5263671875 0.5078125 0.5263671875 0.5078125 0.5439453125 0.5185546875 0.5439453125
43 0.5322265625 0.5263671875 0.5224609375 0.5263671875 0.5224609375 0.5439453125 0.5322265625 0.5439453125
40 0.5458984375 0.5263671875 0.5361328125 0.5263671875 0.5361328125 0.5439453125 0.5458984375 0.5439453125
39 0.560546875 0.52734375 0.5498046875 0.52734375 0.5498046875 0.544921875 0.560546875 0.544921875
19 0.57421875 0.5263671875 0.564453125 0.5263671875 0.564453125 0.544921875 0.57421875 0.544921875
36 0.5888671875 0.52734375 0.5791015625 0.52734375 0.5791015625 0.544921875 0.5888671875 0.544921875
19 0.6015625 0.52734375 0.5927734375 0.52734375 0.5927734375 0.544921875 0.6015625 0.544921875
47 0.6181640625 0.525390625 0.607421875 0.525390625 0.607421875 0.544921875 0.6181640625 0.544921875
41 0.4150390625000001 0.5458984375 0.4052734375000001 0.5458984375 0.4052734375000001 0.5634765625 0.4150390625000001 0.5634765625
40 0.4287109375000001 0.546875 0.4189453125000001 0.546875 0.4189453125000001 0.5634765625 0.4287109375000001 0.5634765625
23 0.4414062500000001 0.5478515625 0.4316406250000001 0.5478515625 0.4316406250000001 0.5673828125 0.4414062500000001 0.5673828125
54 0.4677734375000001 0.548828125 0.4570312500000001 0.548828125 0.4570312500000001 0.56640625 0.4677734375000001 0.56640625
39 0.4804687500000001 0.548828125 0.4707031250000001 0.548828125 0.4707031250000001 0.56640625 0.4804687500000001 0.56640625
19 0.4921875000000001 0.5498046875 0.4833984375000001 0.5498046875 0.4833984375000001 0.5673828125 0.4921875000000001 0.5673828125
33 0.5068359375 0.5498046875 0.4970703125000001 0.5498046875 0.4970703125000001 0.5673828125 0.5068359375 0.5673828125
40 0.5205078125 0.5498046875 0.5107421875 0.5498046875 0.5107421875 0.5673828125 0.5205078125 0.5673828125
37 0.5341796875 0.55078125 0.5244140625 0.55078125 0.5244140625 0.5673828125 0.5341796875 0.5673828125